999
2 753
1
2 380
1
2 -449
1
2 831
1
2 -267
1
2 -812
2 586
2 -614
1
2 364
2 -614
1
1
1
2 -38
2 -711
1
1
1
2 -875
1
2 -399
1
2 240
1
2 633
2 -744
1
2 478
1
2 -491
2 503
2 -275
2 -256
2 -632
1
2 -648
2 699
1
1
1
2 -11
2 -340
1
1
1
1
2 600
2 -852
1
1
2 686
2 319
1
1
2 995
1
1
1
2 485
2 863
1
2 788
2 -588
1
1
1
2 -494
1
2 895
2 655
1
2 -68
2 -141
1
1
2 403
2 609
2 -232
2 -800
1
1
2 -736
2 -545
1
2 815
2 46
1
1
2 -830
2 -285
2 412
2 911
1
1
1
1
2 787
2 -80
1
2 -979
1
2 128
2 -181
2 -548
1
2 -105
1
2 890
1
1
2 -609
2 -628
1
2 880
2 -708
2 -508
2 -233
1
2 -592
2 581
1
2 -561
1
2 -443
2 -528
2 -564
2 -174
1
2 693
1
1
1
2 153
2 439
2 934
1
2 -423
1
1
1
1
1
2 512
1
1
2 -504
1
1
1
1
1
1
2 804
1
1
1
2 641
2 -685
2 -252
2 -233
1
2 886
2 542
2 -976
1
2 -514
1
1
1
2 -823
1
2 193
1
2 404
2 874
1
1
2 524
1
1
2 -948
2 -463
2 924
1
2 -578
2 991
1
1
1
1
1
1
2 -142
2 -105
1
2 50
1
1
1
1
2 -379
2 187
1
1
2 155
2 -517
2 470
2 751
1
2 -490
2 813
1
1
1
2 625
2 -463
1
1
1
1
2 754
1
2 84
2 -624
2 -196
1
1
2 364
2 468
1
1
1
2 961
1
2 742
1
2 293
1
2 935
2 -953
1
2 -841
1
2 760
2 -201
2 -82
2 431
1
1
2 -229
2 219
2 42
1
2 -3
2 992
1
1
2 343
2 500
1
2 674
2 -523
1
2 -231
2 173
1
2 -637
1
2 494
1
1
2 -337
1
2 -244
1
1
2 762
2 -946
1
1
2 -736
1
1
1
2 -827
1
2 334
2 787
2 145
2 287
1
1
2 954
2 -944
2 15
2 -975
1
1
1
2 -450
2 984
1
1
1
1
2 -290
1
1
2 -815
2 913
1
1
1
2 711
1
1
2 -13
2 -685
1
2 302
1
2 217
1
2 594
1
2 -221
1
2 -305
2 -84
2 967
2 923
2 -432
1
1
1
2 143
1
2 477
1
2 -587
1
2 97
2 514
1
1
2 -915
2 -845
2 808
2 798
2 -316
2 515
1
2 -365
2 -965
2 -122
2 748
2 -546
1
1
2 593
2 -856
1
1
2 255
2 731
2 694
1
2 -163
2 -94
1
2 -819
1
2 418
1
1
2 360
2 -817
1
1
2 -648
1
1
2 618
1
1
1
1
1
1
2 436
1
2 -456
2 -280
2 510
2 -145
2 -776
2 486
2 -367
2 -580
1
1
1
2 799
2 92
1
1
2 469
1
1
2 -251
1
1
1
1
2 -515
2 615
2 293
1
2 862
2 865
2 454
1
2 -149
2 -21
2 -988
1
1
2 -777
2 -740
2 -33
2 655
2 -449
1
2 931
1
2 578
2 -509
1
2 289
1
1
1
1
2 823
1
2 -36
1
1
1
2 -448
2 506
2 -177
1
1
1
2 -49
1
1
2 972
2 -206
2 568
2 945
2 494
1
1
1
2 711
2 -857
2 -907
2 -210
1
1
2 28
1
2 979
1
1
1
2 811
1
1
1
1
2 -361
1
1
2 -59
2 241
1
1
2 -732
2 -26
1
1
2 -97
1
2 -748
2 -182
2 736
1
1
2 561
1
2 506
2 826
1
2 118
2 408
2 773
2 184
2 142
1
1
1
1
1
1
2 -918
1
1
1
2 -317
1
2 -861
1
2 -791
2 -300
1
2 429
2 -21
2 321
1
2 517
2 -593
1
1
1
1
1
2 -176
2 708
2 836
2 356
1
2 -679
1
1
2 -936
1
2 -222
1
2 -996
2 99
1
2 581
1
2 -509
2 -481
2 -949
1
2 12
2 969
2 -801
1
1
2 -449
1
1
1
1
1
2 -541
2 309
1
2 598
1
1
1
2 633
1
2 744
1
2 -582
1
1
2 454
2 594
2 -4
2 424
1
2 -52
2 -271
1
2 938
1
2 511
1
1
1
2 -266
1
2 322
2 888
1
1
2 -459
1
2 137
2 -69
1
1
2 239
2 169
1
2 903
1
2 -823
2 -786
1
1
1
1
2 617
2 -423
1
1
2 -972
2 -285
1
1
1
2 -874
2 -703
2 -64
1
2 514
1
2 46
2 258
1
2 290
2 748
2 -628
2 867
2 -23
1
1
2 945
2 699
2 693
1
1
1
1
2 -8
2 946
2 117
2 -316
2 140
2 845
2 458
2 -475
1
2 -407
2 704
1
2 -965
2 -641
2 -590
2 718
2 -626
2 931
2 781
2 23
1
2 223
2 304
2 -901
2 537
1
1
2 -262
1
1
1
2 290
1
2 -224
1
2 -763
2 -776
1
1
1
2 -664
2 281
1
2 528
2 222
2 -55
2 374
1
2 -172
2 941
1
2 -784
2 -200
1
2 -72
1
2 438
2 21
1
2 -557
2 -424
2 -810
2 -905
2 29
2 61
2 442
1
1
2 -893
2 67
1
1
2 -296
2 710
1
1
1
2 128
2 605
2 -920
2 42
1
1
1
1
1
2 -779
1
2 -875
2 -446
2 343
2 -91
2 -22
1
1
1
1
1
2 691
1
1
2 532
2 -490
2 821
1
1
1
1
1
2 -991
1
2 -672
1
2 -716
1
2 -308
2 -478
2 663
1
1
2 613
1
2 -106
1
2 567
2 233
2 -405
2 963
2 675
2 512
1
2 -5
2 672
2 -728
2 -720
2 -671
1
2 -560
1
1
2 60
1
2 -31
1
2 -415
1
2 -317
1
2 -480
2 448
1
1
1
1
2 -208
1
1
1
1
1
2 -934
1
2 -907
1
2 -593
2 34
1
1
1
2 352
2 191
1
1
1
1
2 0
2 715
2 -657
1
1
1
1
2 994
2 431
2 -288
1
1
1
2 208
2 430
1
1
1
1
1
1
2 973
1
1
2 -657
2 -651
2 -288
2 52
2 -791
1
1
1
2 672
2 -805
1
1
1
2 650
2 -597
2 -146
1
2 902
2 -611
2 -352
2 -631
1
2 220
2 -842
2 138
1
1
1
2 96
2 -158
2 729
2 481
2 380
1
2 -544
2 724
1
1
2 761
2 -992
2 -131
1
2 397
2 -951
2 -703
2 -923
2 -240
1
2 -864
2 -335
1
2 -137
2 -128
2 785
1
2 386
2 -581
1
2 -376
2 121
1
1
2 981
2 200
1
2 176
1
2 763
2 -580
1
1
2 523
2 -943
2 324
2 412
1
1
1
1
1
1
1
1
1
1
2 -720
2 895
1
1
1
2 473
2 -295
1
2 786
2 -973
2 -480
1
2 -729
1
2 397
1
1
2 -960
2 -996
2 -342
2 781
2 291
2 113
1
2 889
1
2 -11
2 -198
2 514
2 764
2 586
1
1
2 -985
1
1
1
2 308
2 293
1
1
2 -331
2 627
2 651
2 -462
1
1
2 949
2 -561
1
2 18
1
1
2 158
2 705