999
2 69438
2 17293
1
1
2 -51129
1
2 -26616
2 86586
1
2 15243
1
2 -29600
2 -16419
1
2 -5807
1
2 -37479
2 -29028
1
1
2 -99240
1
1
1
2 54797
1
2 -87951
2 70415
2 -40544
1
2 -86094
2 79535
1
1
2 15058
1
2 -353
1
2 88963
1
1
1
2 -8903
2 -75644
1
1
2 -40399
1
2 -22824
1
2 -8864
1
2 -68360
2 71767
2 -63309
1
1
2 -18280
1
2 -70215
2 27073
1
2 -52130
2 61659
1
2 -90423
1
1
1
2 73547
2 71741
1
2 28456
2 90107
1
2 -65124
2 -47880
2 -24773
2 83635
2 -55570
2 -50448
1
2 -69308
1
1
2 96444
1
1
2 93659
2 93324
1
2 68645
2 -78977
1
1
1
2 95234
2 80794
2 62001
1
2 -14651
1
2 -39720
1
1
1
1
1
1
2 -98232
2 -82348
2 8307
2 -1331
2 -98665
2 34177
2 17069
2 71456
2 30638
1
2 -43180
1
2 -22603
2 -8814
2 -20993
1
1
2 49927
2 -76871
2 80310
2 -69258
1
2 -19651
2 -21069
2 -7784
2 -33685
1
1
2 -55463
2 -18671
1
2 44385
1
1
1
1
2 73182
1
2 -60803
1
1
2 86624
1
2 82121
2 64098
1
2 -14432
1
1
1
1
2 -87789
2 -27511
1
2 5022
2 -67661
2 44542
2 43587
2 32475
1
1
1
2 18228
2 -28146
1
2 -11645
2 -43492
1
1
1
1
1
1
2 -50683
2 -81544
1
2 -75951
2 -25310
2 94805
1
2 69789
1
1
2 81200
2 28632
2 -71954
2 -16568
1
1
1
1
1
2 -42415
1
2 -69398
1
2 -32326
1
1
1
1
1
2 -5056
2 -25067
1
1
1
1
1
2 25259
1
2 -54094
1
1
2 -11276
2 7976
2 -98030
1
2 -36081
1
2 -25942
1
1
2 -79932
2 -91498
1
1
1
2 -23828
1
2 33887
1
1
1
1
2 -25372
1
1
1
2 85731
1
2 -55154
1
2 -60872
1
2 76003
1
2 56151
1
2 -30512
2 -7908
2 -9869
1
2 -76846
1
2 -6488
1
2 56558
2 95704
2 75934
2 -2832
2 98309
1
2 64024
1
1
1
2 -37664
1
2 78628
1
1
2 -36980
2 -27891
2 80618
2 -61656
2 -29979
1
2 88748
1
2 72829
2 -49307
1
1
1
2 25436
1
1
1
2 -22097
2 -83134
1
1
2 -37564
2 -40312
1
1
2 75093
2 -26301
1
2 -15500
1
1
1
2 -36142
2 45679
2 4030
2 48392
1
1
2 12596
1
1
2 -19500
1
1
2 -37875
2 -96421
2 -98658
1
2 -94042
1
1
1
1
1
2 -68669
1
2 -41899
2 79132
2 -44790
1
2 40480
2 21767
1
1
1
1
1
2 2334
1
2 -72416
2 -81497
2 73175
2 46523
2 39570
1
1
1
1
2 -61970
2 18849
1
1
1
2 8100
1
2 -40090
1
2 51374
1
2 53720
1
2 71500
1
2 3875
1
2 -19289
2 -54402
2 -18128
1
2 20509
1
1
2 4245
2 25345
1
1
2 -68878
2 15871
2 -62354
1
1
2 -64220
1
1
2 49636
2 -27829
1
2 5924
1
1
2 8251
1
2 -26336
2 40755
1
1
1
2 5279
1
2 96768
1
2 27592
1
2 -75541
2 45415
2 3867
2 94930
2 -35038
2 7553
2 -4550
1
1
2 85713
1
2 -64763
2 -31878
1
1
2 17252
2 -3513
2 -90538
2 77709
1
1
1
2 29246
1
1
2 35778
1
1
2 -52561
2 -51903
1
1
2 -61342
1
1
1
1
2 -97261
2 16566
2 98582
1
2 32193
1
2 -21185
1
2 -78026
1
2 -20751
2 29366
2 -64084
2 87921
2 71922
2 -89618
1
2 -54988
2 63676
1
2 97045
1
1
2 1327
1
2 -42398
1
1
2 -78398
1
2 44855
1
1
1
1
1
1
1
2 -45816
2 50021
1
2 60556
2 77669
1
2 46154
1
1
2 3751
1
1
1
2 -9992
2 -79351
2 -98782
2 22181
1
1
2 -75297
1
1
1
2 13583
2 6080
2 -70317
2 83087
2 -9055
2 57452
1
1
2 -77529
2 -8336
1
2 -31753
1
2 51024
1
1
1
2 -6458
1
1
2 86525
2 37125
2 64766
2 98142
2 -87864
2 27635
2 -35402
1
1
2 -92736
1
1
2 27758
2 -66507
2 -71924
2 93395
1
2 -6150
1
1
2 17007
2 -50956
2 24298
1
2 -32999
1
2 -42586
1
1
1
2 -77356
2 -6048
1
2 -72654
2 -67376
1
1
1
1
2 -26930
2 36999
1
2 -62670
2 7387
2 -41402
2 -62406
1
2 -81208
1
1
1
1
1
2 92597
2 93232
2 -99052
1
2 -65278
2 -30150
2 66281
2 -91099
1
2 21875
2 58017
2 63770
2 -99922
1
1
1
1
2 -5034
2 84089
2 -96952
1
2 42132
2 -4423
2 98946
2 -59090
1
2 58153
2 93269
1
1
1
1
2 38112
1
1
2 78169
1
1
2 -79538
2 60542
1
1
2 -54899
1
2 -76181
1
1
1
2 45685
2 -25445
1
1
2 58285
1
1
2 99619
2 65652
2 91193
2 77006
2 -7960
1
2 46777
1
2 -44533
1
2 3700
1
1
1
1
1
1
1
2 63771
1
1
1
2 -10780
2 -5104
2 88058
1
2 -1245
1
2 38221
1
2 78715
1
1
1
1
2 80519
2 -11372
1
2 94182
2 -38933
2 56278
1
2 73080
1
2 -57905
2 -19933
1
2 35861
1
2 -74747
2 53055
1
2 42448
1
1
1
2 55588
2 73558
2 31994
1
1
2 -36378
2 -65866
1
1
1
2 31850
2 -75003
1
2 81514
2 -76306
1
2 -78522
2 -11018
2 25249
2 19554
1
2 56650
2 -54981
1
2 -42106
1
2 86963
2 90029
1
1
2 -34773
1
1
2 99537
2 -35862
1
1
2 -70873
1
1
1
1
2 -29088
1
1
2 98800
2 -10885
2 94166
2 45232
2 -10849
2 -50526
2 -72254
1
1
1
2 -21783
1
1
1
2 78957
2 -99830
1
1
2 -62935
2 85301
2 21210
2 82068
2 31699
1
2 96572
1
1
2 -37846
1
1
1
2 -18685
1
2 -80448
2 86517
2 10635
1
1
1
2 46933
2 -1492
1
1
2 -25811
2 30801
1
1
1
1
1
1
2 -16312
1
1
2 70065
1
2 -87074
1
1
1
1
1
1
1
2 -40177
1
2 -42100
1
2 -97744
2 -9179
1
2 -7738
1
2 -98893
2 41517
1
1
1
1
2 85062
1
2 47621
1
2 7336
1
2 93040
2 9653
1
2 44670
1
2 -71041
2 -24485
1
2 -43204
1
1
2 -35607
2 -51142
1
1
2 -76861
1
2 -24565
2 -98679
2 -92648
2 63123
1
2 -91029
2 -19846
1
1
2 -75132
2 90373
1
2 35990
2 25438
2 94028
1
1
2 -58254
1
2 -17597
1
1
2 85072
1
1
1
1
2 -30820
1
1
2 -451
2 -12344
2 -83329
1
2 51451
1
2 -70759
1
2 -97034
2 60656
2 71359
1
2 50870
1
1
1
1
1
2 3590
1
1
2 -38793
2 -71492
1
1
2 -36699
1
2 -20957
1
2 -69577
2 23104
2 -48501
1
2 41816
1
2 40293
2 43223
2 58128
1
2 -88095
1
2 8730
2 11845
1
1
2 35201
1
1
2 -84534
2 -68752
1
2 -93523
2 43785
2 28000
1
1
2 44001
2 73776
1
2 90330
2 -39034
2 65072
2 -59295
1
2 31313
2 -3036
1
1
1
2 17408
2 -51938
2 25630
1
1
1
2 -75683
1
1
1
2 -24466
1
2 -99580
1
1
1
1
1
1
2 87076
1
1
2 -97416
2 -22293
1
2 25527
2 16124
1
2 33700
2 -10280
2 87378
1
1
2 46056
2 59832
2 -26159
1
2 45617
2 -29451
1
1
1
1
2 -32950
1
1
1
2 -89732
2 52644
1
2 -93185
2 59860
1
1
1
1
2 51636