9996
2 44627
2 -94499
1
2 -13904
2 22753
1
2 -8305
2 -49204
1
1
1
1
2 98954
2 72942
2 -23314
2 18751
2 -11679
2 -84477
2 -30859
2 -84100
2 -59366
1
1
2 -42950
2 37714
1
1
1
1
2 -83086
2 18380
1
2 78899
2 86426
1
2 -66480
2 60915
1
1
1
1
2 11630
1
2 98202
2 -525
1
1
1
2 37741
1
2 -52419
2 49932
2 16922
2 -91140
2 -47069
1
2 74135
2 -64852
1
1
2 31100
2 7617
1
2 58829
2 -59463
2 -96353
2 67201
2 -15101
2 34150
2 87339
1
2 -59104
2 44756
1
1
2 -37941
2 28459
2 6668
2 -57727
1
2 -69077
2 -2595
1
1
2 -4836
2 -79210
2 24919
2 67250
1
1
2 71049
2 -50593
2 -92627
1
2 -85419
1
1
1
1
1
2 -99112
1
1
2 84142
1
2 87907
2 -47607
1
2 -89546
1
1
2 -31481
1
2 -6943
1
2 90307
2 -11756
1
2 67245
2 -2873
1
1
1
2 -94002
2 -94766
2 55142
1
2 75152
2 -6525
1
1
2 -78790
1
1
2 -64405
2 -60230
1
1
1
2 -75118
2 75431
2 80695
2 34185
2 -89350
1
2 -79240
2 29132
2 31032
1
1
1
2 38776
2 38787
1
2 -96320
2 -8894
2 68681
2 -61358
2 65386
2 61415
2 48180
2 -34209
1
1
2 -94853
2 74563
2 3438
1
2 41298
1
1
1
2 13806
2 1243
1
1
1
2 -41740
2 -3302
2 -45343
2 75487
1
1
2 -57855
2 -7691
2 -29069
2 97261
2 -9887
1
2 28003
1
1
1
1
2 -93551
1
2 -35158
1
1
1
1
1
2 55471
2 30217
1
1
1
2 -3022
2 94284
1
1
2 -33476
1
1
2 84014
1
2 89326
2 14183
1
2 -37000
1
1
1
1
2 48824
1
2 94907
2 -28875
1
1
1
1
2 24479
2 -62614
2 -40517
1
2 26892
1
2 -65539
1
2 33585
1
2 -34256
1
1
2 12296
1
1
1
1
2 -69353
1
1
2 -80576
1
2 -64580
2 -17359
2 -22898
2 4649
1
2 67440
2 -36193
2 -23707
1
2 -43355
1
2 23080
2 -93793
1
2 -16421
2 -48899
1
2 -62575
2 -34108
2 -20043
1
2 20722
2 -71083
2 -14358
1
1
2 -39726
2 -4244
1
2 -42143
1
1
2 13222
1
2 67504
1
1
2 -55024
1
2 64860
2 -83331
1
1
1
2 85868
1
2 30885
1
1
2 -78514
2 -41833
1
2 -80549
1
1
2 98569
1
2 20029
2 26478
2 4176
2 3236
2 45987
1
1
2 -39535
2 -19095
2 78571
1
2 -13076
1
1
1
2 99879
1
2 14884
1
2 -11079
1
1
1
1
2 -88901
2 -67576
2 20046
1
2 -11904
2 -14568
2 -73223
2 27355
1
2 50472
2 -88535
1
2 53841
1
1
2 -55761
2 57291
1
2 -96254
1
1
2 49479
2 -43372
2 -47220
2 71604
2 6187
2 67228
1
2 4643
2 60295
2 95341
2 21703
2 -32704
2 36672
2 -66483
1
1
2 63128
1
1
1
1
1
1
1
2 -4681
2 78516
1
1
1
1
2 11505
2 57669
2 -71745
1
2 66027
1
1
2 19150
2 -59795
1
1
2 -49526
1
2 -13133
2 3714
1
1
2 88023
1
2 -96700
1
2 44899
2 -65293
2 56452
1
1
1
1
1
2 61530
1
1
1
2 -43575
1
2 -72183
1
2 20782
1
1
1
2 -92177
1
1
1
1
2 75850
1
1
1
2 46904
2 -2706
1
1
1
2 82430
1
2 50672
2 16864
1
1
1
1
1
1
2 34309
2 -28469
2 37221
2 -88358
2 -6561
1
2 -46894
2 -82732
2 45669
2 -1145
2 -54539
1
2 24295
2 -43562
2 -79545
1
1
2 18515
1
1
1
2 -25135
2 -94125
1
1
1
2 -73036
2 -67254
1
1
1
1
1
1
2 44816
2 -9224
2 -75148
2 -90669
1
2 -34678
1
1
1
1
2 -53552
2 -22907
1
2 2751
1
1
1
1
1
1
2 -17632
1
1
1
1
2 18940
2 -50766
2 -81929
2 10694
1
2 68339
2 -48108
2 64622
1
1
1
1
2 -70734
2 -69337
2 -80981
1
2 83335
1
1
2 -84381
1
2 38810
1
1
2 -96365
2 93877
1
2 -98793
1
2 -62126
2 -74972
1
1
1
2 -4787
2 -46925
1
2 -8557
2 -10884
2 65842
1
2 -82477
1
1
1
2 -10895
1
2 3763
2 79000
2 8494
2 -10257
1
2 67881
1
2 -80701
2 68718
2 39427
1
2 -90459
1
1
1
1
1
2 -29315
2 53102
1
1
2 66414
1
2 90250
2 36840
2 65715
1
1
2 70204
1
1
1
2 -77306
2 70616
2 -66131
1
1
2 -67251
1
2 41127
2 -60005
1
2 75171
2 64285
1
1
2 -3823
2 39273
1
2 91209
1
1
1
1
2 -10976
2 -89387
1
1
1
2 37622
2 15308
1
2 -49718
1
2 30101
1
1
1
2 38332
2 -46968
1
1
1
2 -82950
2 -46129
1
2 -62818
1
2 77264
1
1
2 29176
2 -75817
1
2 -84497
1
2 96506
2 79195
1
1
1
2 -93692
1
2 29609
1
2 -81549
1
2 12184
1
2 2983
2 63683
2 48417
2 -5386
2 -89913
1
2 64383
1
2 -38646
1
2 93664
2 73632
1
1
1
1
2 20328
2 69910
2 -28121
1
2 -55629
2 3714
2 -73535
2 -19637
2 90099
2 33052
1
2 -24020
1
2 -85077
1
2 97141
2 -87040
1
1
1
2 -73819
1
2 -87202
2 26827
1
2 -40008
2 -26419
2 -85452
1
1
1
1
2 -83367
2 -8851
2 39308
2 61683
1
2 -22127
2 91347
1
2 -32798
1
1
2 -50573
1
1
2 34049
1
2 -92556
1
1
2 -17220
2 -58606
1
2 -45441
2 -23660
2 -36289
1
2 -64287
2 -74104
1
1
2 -53271
1
2 63913
1
1
1
1
2 60204
2 -41372
1
1
1
1
1
2 44611
2 91021
2 10957
2 69142
2 -70516
2 50035
1
1
2 -12488
2 65666
2 77980
2 68718
2 29723
2 -91636
1
2 -44065
1
2 -62554
2 -65572
2 -32973
2 10131
1
2 -43278
2 -916
1
1
1
2 80122
1
2 4603
2 -32551
1
1
2 99007
2 -38408
2 -67088
1
2 -93709
2 -41398
1
1
2 37313
2 5650
2 72081
1
2 -31372
2 18751
2 77184
1
2 6879
2 -52765
1
1
2 -97763
2 34248
1
1
2 83542
1
2 24849
2 -60552
1
1
1
1
1
1
1
2 70216
2 -93975
2 55512
2 94108
1
2 -31102
1
2 61192
2 76257
1
2 73791
2 68733
1
2 77519
2 -90873
1
2 -3093
1
2 -63989
1
1
2 -86622
2 78026
1
1
1
2 14607
2 94586
1
2 -42358
1
1
1
1
2 42610
2 -1811
1
1
1
1
1
1
2 -68061
1
2 74016
2 93373
1
2 46928
2 3110
2 -20694
1
1
1
1
1
1
1
2 41675
1
1
1
2 51057
1
2 1181
1
1
1
2 -43408
1
2 28527
1
1
2 54863
1
1
1
2 78594
1
1
2 8045
2 18130
1
1
2 -85024
1
2 -95859
1
1
2 -79065
1
2 94827
1
1
1
2 -17806
1
1
2 -560
2 -91144
2 84329
1
1
2 -84371
1
1
1
2 32667
1
1
1
1
1
2 3829
1
2 -99416
1
1
1
2 -50740
1
1
1
2 -94364
2 4548
1
2 -25731
2 67684
1
1
1
1
1
1
2 86633
2 -51412
2 -68985
1
2 -91967
1
2 -94616
1
2 -46780
1
2 -65152
2 83644
2 -18044
1
2 -71805
2 -5000
1
1
1
2 -50128
1
1
1
1
2 40685
1
2 16841
1
2 8746
2 84923
1
2 44859
2 9867
1
1
1
2 67832
2 27308
2 -88429
1
1
2 -11202
1
2 89200
1
1
2 -57399
2 -99653
2 -99071
1
2 -46320
2 -43471
2 48656
2 10121
1
1
1
1
1
2 -35482
2 -24684
1
1
1
2 -37015
2 -53766
2 -7807
1
2 96660
2 42929
2 92392
1
1
1
1
1
2 -983
2 -41034
1
2 -15233
2 -60828
2 87136
2 75164
1
2 88685
1
1
2 -36830
1
2 17210
2 -41508
2 -71472
1
2 63077
2 -74316
2 90337
2 -18568
2 32539
1
1
1
1
2 -86365
1
1
2 -95764
2 44608
1
2 79270
1
1
2 -82455
2 65650
2 -71743
2 73895
2 31708
2 -88790
2 57937
2 87087
1
2 48344
1
1
1
2 99705
1
2 22120
2 -86172
1
2 -74615
1
2 94671
1
2 -18230
1
1
2 -2702
2 26287
2 -94320
1
2 -23376
2 -54167
1
2 -2097
1
1
2 24006
1
2 99451
1
2 15203
2 79052
2 99440
2 -54127
1
1
1
2 -94737
1
1
2 -38287
1
2 -59106
2 -92812
1
2 -27492
1
1
1
1
2 -48799
2 87316
1
2 -91070
1
1
2 20149
2 -91220
1
2 -43285
1
1
1
2 57535
2 14352
2 -35511
1
2 31568
1
1
1
1
2 10494
2 -39870
1
2 18370
2 73245
1
2 -36753
2 -61903
1
1
1
1
2 -2661
2 78380
2 90197
1
2 -12026
1
2 93099
2 83829
1
2 -77941
2 -30242
1
2 87561
2 -82683
1
1
2 -54657
1
1
2 -77308
1
2 -40981
1
1
2 -51211
2 -94771
1
2 91834
2 54037
2 2357
2 -76279
2 -86542
1
2 78106
1
2 -6258
1
2 -67756
1
1
2 -58430
2 30690
2 85784
2 60673
1
2 43100
1
1
1
1
1
1
2 71371
2 39413
2 23651
2 -91875
1
1
2 25032
1
1
2 -94406
2 -4571
2 53990
1
1
1
1
1
2 6274
2 40974
1
2 63547
1
2 89621
1
1
1
1
1
1
1
2 -63764
2 -49828
1
2 -8375
2 84284
1
2 23995
1
2 71854
2 -43765
1
2 90105
2 13665
1
1
1
2 22426
1
1
1
1
1
2 55381
2 29393
1
1
1
2 59336
2 -89412
1
2 68069
1
1
2 -62532
1
2 -68803
1
2 4998
2 56042
2 -34010
2 73769
1
1
1
2 52589
2 -90971
1
2 -85114
2 -58353
1
2 -48664
2 97441
2 65700
2 18375
2 12770
2 65263
2 51249
1
2 -53444
1
2 62979
1
2 74938
1
2 29886
1
2 -97274
1
2 -35491
2 55338
1
2 80687
2 -71393
2 52101
2 -78842
1
2 67702
1
1
1
1
2 -75199
1
2 31369
2 -33779
2 68351
1
1
2 -15900
2 60150
2 -70928
1
2 -36764
1
2 16336
2 -33373
2 -69336
2 -44783
1
2 -79821
1
2 -24840
1
2 -3279
2 -36286
1
2 54911
2 45281
2 -97171
2 50563
2 29424
1
1
1
1
1
2 -9013
1
2 93821
2 -77382
2 -92321
1
1
1
2 -52535
2 -27341
2 32786
2 37433
2 -23371
2 66670
1
2 -67835
2 15432
1
2 26915
1
2 -17775
2 -13248
1
2 20744
1
2 -25377
1
1
2 27192
2 99229
1
2 49877
1
2 22174
2 -54484
1
2 90755
2 -53845
1
1
1
2 -26390
2 40268
2 -38163
2 24420
2 44904
2 86058
1
1
2 -61448
1
2 -92624
1
2 -90607
2 -48146
1
1
1
1
2 -48910
1
2 43887
2 -95572
1
1
2 31661
2 8852
2 88688
1
1
1
1
1
1
2 97815
2 -53917
1
1
1
1
2 43813
1
2 -17167
1
2 -12854
1
1
1
1
2 -23809
2 -19737
2 -16890
1
1
2 -91833
1
1
1
2 50563
1
2 -18554
2 56763
1
1
2 79141
2 -66239
1
2 98073
2 366
1
1
1
1
1
2 62614
2 -73078
1
1
2 14884
2 -9779
2 -79398
2 -61407
1
2 -12193
1
2 -62740
2 92790
2 -8008
1
2 -12822
1
2 67292
1
2 76474
2 57254
1
2 -57137
1
1
1
1
2 25698
2 39085
1
1
2 72498
2 21206
1
2 -88358
2 -44747
1
1
2 -17938
2 75931
1
1
1
2 -73660
2 81985
1
2 -21656
1
1
2 -10021
2 -41583
2 -54866
1
2 -82314
2 17819
2 14615
2 52636
1
2 80546
2 -8889
2 56925
2 -12909
2 89179
1
1
1
2 53211
2 2354
2 -96461
1
2 73545
2 92869
2 -10491
1
2 -97430
2 70740
1
1
1
2 97282
1
2 -32153
1
1
2 7036
2 23493
1
1
1
2 -45621
1
1
1
2 -53398
1
1
2 11512
2 -88507
1
2 55746
1
1
2 92001
1
1
2 -29018
1
2 -27976
1
2 76835
1
2 -34527
2 -59262
2 43593
1
2 -12304
2 46291
2 57498
2 -11219
2 21373
2 8054
1
1
1
1
2 -67243
2 33243
2 -15654
2 90090
2 65069
1
1
2 -53886
1
2 8678
1
2 -22076
2 99145
2 36869
1
2 58104
1
2 -51863
1
1
2 -93771
2 -871
2 97339
1
2 -6346
2 60060
2 -9108
2 -26251
1
2 86560
2 85912
2 -58888
1
2 59611
1
2 -26071
1
2 -40812
1
2 69251
2 60713
2 -79073
1
1
2 55627
1
2 -4394
1
2 68395
2 -60590
2 -59299
2 73466
2 46423
1
2 81530
1
2 4852
2 94524
2 7927
2 -12551
2 -83570
2 16172
2 50723
1
2 26568
1
1
2 -71831
2 48202
1
1
2 -60493
2 -87105
2 25017
2 32349
1
1
1
1
1
1
1
1
2 -4011
2 -73398
1
2 -91538
1
1
2 36135
2 67374
1
2 91318
1
2 60672
1
2 -23559
1
2 95935
1
2 57114
1
1
1
2 -27484
2 -16932
1
2 5043
2 -57097
1
1
2 98267
1
2 -98313
1
1
1
1
1
2 -25730
2 -56702
1
2 65741
1
2 37701
1
1
2 19489
1
1
1
2 -1111
1
1
1
1
2 -41780
1
2 -34559
1
1
2 26430
2 40608
2 -62641
1
2 -71703
2 29989
2 87712
2 82250
2 25456
2 -81734
1
2 9611
2 -85892
1
1
2 -29651
2 54620
1
1
1
2 -2729
1
2 -60417
1
2 19170
2 9379
1
2 -74568
2 91290
2 -30463
2 -29787
1
1
1
1
2 80407
1
2 -96257
1
1
1
1
2 -2501
1
2 -62122
1
2 -9330
2 35203
1
1
2 -49500
2 47513
1
2 59381
2 -45138
2 30846
1
1
1
2 18868
1
2 47749
2 -83330
2 -59083
1
1
1
1
1
2 46302
1
2 28880
2 25632
1
1
2 93194
2 43719
1
2 5180
1
2 -29832
1
2 64723
2 -25252
1
1
1
2 -71850
1
1
1
2 -47546
1
1
2 52981
1
2 582
2 -28889
2 71966
1
1
2 72192
2 26964
2 23999
2 3227
1
2 -63319
1
1
2 -68453
2 -95164
1
1
2 10085
1
2 21157
2 50837
1
1
2 50012
1
2 -79487
1
2 10062
1
1
2 74517
1
2 -93465
2 33631
1
1
2 -40384
2 80420
1
1
2 -66954
2 9948
2 63710
2 41684
2 -3815
1
2 16207
1
2 -85067
2 -81445
2 -90574
2 65017
1
1
2 -37456
1
2 67319
1
2 -78462
1
2 -13165
1
2 21761
1
1
2 -29729
1
1
1
2 -75111
1
1
1
1
1
1
1
2 -7954
2 10773
1
2 64551
1
1
1
1
1
1
1
2 4214
1
2 68832
2 81806
1
2 -71838
1
2 -91838
1
1
2 -51850
1
2 -57200
2 31299
1
2 -73443
1
2 12140
2 11197
1
1
1
2 95691
1
1
1
1
2 50140
2 -41422
2 35021
2 65934
1
2 -31480
1
1
1
2 15218
2 95779
2 -85201
2 -16918
2 65138
2 87411
2 873
2 42013
2 22436
2 -80243
1
2 -91854
1
1
2 -13516
1
1
1
2 -43883
2 40845
2 56882
2 -4846
2 15662
1
2 -41257
1
2 13776
2 -26760
2 25943
1
2 -62516
2 63029
1
2 -43959
1
2 -49295
1
1
2 -91930
2 47428
2 72731
2 68124
1
1
1
2 72095
2 -65713
2 31800
1
1
1
1
1
1
2 -40564
1
1
1
2 3374
2 30199
1
1
1
1
1
2 -15573
2 66849
2 1816
1
2 -6536
1
2 -4822
1
2 88436
2 79916
1
1
2 24631
1
2 37882
1
1
1
1
2 53631
2 54346
1
2 23559
2 -45160
1
1
2 65008
2 -62215
1
1
1
1
1
1
2 -33359
1
2 71867
1
2 14067
2 -38717
1
2 -31613
2 87039
1
1
2 -78516
1
1
1
1
1
1
1
1
2 -65
1
2 51204
1
1
1
2 12238
1
2 92091
1
2 -32238
1
2 15514
2 -49702
2 99144
1
2 -83065
1
1
2 -85806
2 82277
2 -23133
2 -62654
1
1
1
2 83315
2 -24660
1
2 -27441
2 26270
1
2 52179
2 95643
2 -9135
1
2 22850
1
2 19394
2 -3007
2 -6223
1
1
1
2 31081
2 11550
1
2 91574
2 -51322
2 47553
1
1
2 -32946
2 -32003
1
2 -41647
1
1
2 -38135
2 -7821
2 -26044
2 -87681
2 -26284
1
2 57303
2 -24471
2 -7115
1
2 44169
1
2 64753
1
1
2 84967
1
1
1
1
2 88206
2 -74194
2 -20816
2 37651
2 -94788
2 -66801
1
2 -68266
2 81144
2 -79636
1
2 96720
2 56161
1
2 -77016
2 80887
2 74382
1
2 80478
1
2 88479
2 -68765
1
1
1
2 -57414
1
1
1
1
2 31030
2 -27380
1
1
1
2 41694
2 40670
1
2 10784
2 -29899
1
1
1
1
1
2 -50896
1
2 -75079
1
1
2 -70783
2 66649
1
1
1
2 -16888
2 -30641
1
2 -43566
2 20726
1
2 -55280
2 43248
1
1
1
2 11475
2 52905
1
1
2 26227
2 5003
1
1
2 28117
1
2 11599
1
1
1
1
1
1
2 8444
2 -21975
1
2 -7817
1
1
1
1
2 -17697
1
1
1
2 63548
2 -89819
1
2 55083
2 95516
1
1
2 85402
1
2 77480
2 17543
2 87346
2 41920
1
2 -92845
2 59688
2 39751
1
2 94896
1
1
1
2 -59895
2 -98471
2 75828
1
1
2 -2838
1
2 -67775
2 60646
1
1
1
2 40331
2 -84846
2 -20026
1
1
1
1
2 39820
1
1
1
1
2 66726
1
2 -30559
1
1
2 53079
2 -60188
2 41035
2 25050
1
2 32723
1
1
2 -40420
2 -56863
1
2 77186
2 14131
1
1
2 -37146
1
2 41061
1
2 714
2 74258
2 60930
1
1
1
1
1
1
2 -25435
2 90280
2 27335
2 59605
1
1
2 717
1
2 68335
1
1
2 72843
1
1
1
1
2 -90161
2 22398
1
2 -24601
1
2 -90564
2 -17741
2 46617
1
1
1
1
1
1
1
1
2 -91001
2 -17096
1
1
1
2 51347
2 10446
2 42061
1
1
1
2 -18890
1
1
2 40969
1
2 60678
1
2 68835
2 18817
2 47898
1
2 -93333
1
1
1
2 52099
1
1
1
1
2 84329
2 30358
1
2 -34946
2 -19257
1
1
2 -11248
1
1
1
1
2 -77013
1
2 11564
1
2 -5530
1
1
2 -22530
2 -54659
2 20963
2 86192
1
2 -77587
2 8730
2 14118
1
1
1
2 67681
2 -26771
1
2 -1809
1
1
1
1
1
1
2 7791
1
1
2 67729
2 -73169
2 17983
2 -83396
1
2 81510
2 -74685
2 -41249
2 95103
2 -26161
2 29595
2 72206
1
2 38161
2 -55977
2 -22389
2 -19198
2 -60016
2 -79376
2 58195
1
1
2 -31122
1
1
1
1
2 38994
1
1
1
1
1
1
1
2 87860
2 -65103
1
1
2 59745
1
2 -23314
2 -86127
2 4041
1
2 -22314
1
2 93625
1
2 -84379
1
1
2 -12147
2 -24032
1
1
1
1
1
2 -92300
1
1
2 -55258
2 -460
2 3182
2 -30794
1
2 -31435
2 -76565
1
1
2 20357
2 -72080
2 1008
2 28679
1
1
1
2 -47617
1
1
1
2 -85625
2 23145
2 -62692
1
2 69405
2 46437
1
1
2 -27499
2 -83382
2 93722
1
1
2 48623
1
2 -97432
1
1
2 59478
2 35591
1
1
1
2 -96746
1
2 20767
1
2 38446
2 86893
2 -59286
2 -46297
1
1
2 -70151
1
2 59915
1
2 -93691
2 -48540
1
2 -18996
2 -68376
2 37006
2 -35041
1
1
1
1
1
2 96051
2 45531
1
2 66188
2 -74625
1
2 -34731
1
2 74355
2 14631
1
1
2 31039
1
1
1
1
1
1
1
2 80045
1
2 -39801
2 92411
2 9200
1
1
2 -34695
2 -30659
1
2 85438
1
2 -74467
2 -57067
2 16711
1
1
1
1
1
2 41136
2 -81991
2 2636
1
2 40368
2 87817
2 64709
1
1
2 -48989
2 -29169
2 -88036
2 63406
1
2 -48079
2 -16334
2 -72044
1
1
2 63135
1
2 -12125
2 82635
2 -41100
1
1
1
1
2 70212
1
2 -12677
1
2 -11287
2 -95742
2 -90827
1
2 25525
1
2 -76971
1
2 -33130
1
1
1
2 -99977
1
2 91881
1
2 42732
1
1
1
2 75671
1
2 53670
1
2 -79282
1
2 32705
2 48419
1
1
1
2 50895
1
2 -23482
2 97796
2 14127
1
1
2 -10350
2 -80266
2 -18672
2 -62071
2 -50438
2 -88835
2 77835
2 50722
1
1
1
2 -89670
2 -53547
1
1
2 -22101
1
1
1
2 65410
2 11212
2 24777
2 -64703
2 -77816
2 57547
1
1
2 41564
1
1
2 -51337
2 -55556
2 -31610
2 42096
2 -79425
2 86979
2 -87619
2 -13485
2 25001
2 -19134
2 93156
2 -25049
1
2 17803
2 -62349
2 71321
1
1
1
1
2 33313
2 60925
1
2 -18025
1
1
2 90824
1
1
2 68489
2 27956
2 44155
1
1
2 -25520
2 -21368
2 -64618
1
2 19585
1
2 -10278
1
1
2 -21613
2 21007
2 674
2 44226
2 3407
1
2 -21478
1
2 78584
1
2 3073
2 -96650
1
1
1
1
2 -75346
1
2 19903
2 17421
2 -83426
1
2 14340
2 -45892
1
2 37421
2 -51007
1
1
1
2 -77254
2 -58872
2 67120
1
2 -89982
2 -96467
2 82994
1
2 -31259
2 2318
2 -60714
2 87033
2 -98377
2 -60194
1
1
1
2 -40755
2 -95647
2 -92397
2 -29891
1
2 45300
2 -15216
1
2 13416
1
2 72985
2 -79138
2 -65660
2 74013
1
1
1
1
1
2 -67551
1
1
1
2 -46432
1
2 -58781
2 -90878
1
1
1
1
1
2 -98060
2 82337
2 88404
2 64109
2 -46754
1
2 14391
1
1
2 -61329
2 -49851
2 -63569
1
1
2 62216
1
1
1
2 48706
1
2 -73921
2 20246
1
1
2 -83896
2 80791
2 -6123
1
2 -13258
1
2 21450
2 38732
2 51012
1
2 40598
2 -30332
2 81994
2 90825
1
1
2 92044
2 -27522
1
1
1
2 -48484
2 -88959
2 6941
2 82369
2 -99671
2 2436
2 51755
1
2 -64656
1
1
1
2 -17585
2 1277
2 -37620
2 96292
1
2 28856
2 -25294
2 -66671
2 75657
1
1
1
2 -54166
2 17314
2 55695
1
1
1
2 -35272
2 89968
2 6716
1
1
2 -41817
1
2 -6594
2 -93249
2 -56536
1
2 -8672
1
2 68862
1
1
2 -45777
2 9717
2 -4405
2 47307
1
2 38209
2 3746
2 -42621
1
1
1
1
1
2 -49802
2 73621
2 1242
2 -59149
1
1
2 -46562
1
1
1
1
1
2 47
1
1
2 35985
1
2 -33482
1
1
1
1
1
2 3620
2 -64133
2 -27218
2 16672
1
1
1
1
2 88618
1
2 -50780
2 -53377
1
1
2 -73012
2 94140
1
1
1
2 -82371
1
1
2 -3594
1
2 60763
1
2 51456
1
1
2 -39233
1
1
1
1
1
1
1
1
1
2 -93288
2 64864
2 -46597
2 60324
1
1
1
2 31130
1
1
2 52568
1
1
1
1
2 -87182
1
2 -4674
2 -79330
1
2 52481
1
1
1
2 -71124
1
2 74035
1
1
2 21020
1
1
2 7801
1
1
2 26242
2 -39701
1
2 49749
2 91989
2 77822
1
2 -48462
2 12814
2 -13132
1
1
2 48890
2 86795
1
1
1
2 -52304
1
1
2 -97930
2 -22976
2 44040
2 -37223
2 -90261
2 -251
1
1
2 62230
2 95232
2 58204
1
1
1
2 -5118
2 22367
2 90926
1
1
2 36447
2 68042
2 71761
2 -59066
2 99788
1
2 -45767
2 14900
1
1
2 63102
1
1
1
2 -19997
2 -38643
2 5103
1
1
2 57437
1
1
1
1
2 -75740
1
1
2 -67866
1
1
2 -87533
1
2 44166
2 88115
2 -20086
1
1
2 57955
2 52592
1
1
1
1
2 -91806
2 50943
1
2 -21092
1
2 35120
1
2 -91989
2 -54273
2 -7534
2 -27898
2 -98970
2 -8709
2 -83541
1
2 -68141
2 91229
1
1
2 -66173
1
1
2 79956
1
2 -9292
1
2 -64194
2 8658
2 -53306
1
2 84617
2 -26407
1
2 17145
2 51154
2 -64553
2 70564
1
1
1
2 20891
2 74047
2 -68932
2 24891
2 -43856
1
1
2 -47997
2 -47361
2 4933
1
2 5283
1
2 -58766
1
2 -69380
1
2 -55208
1
2 -85046
1
2 -40626
1
1
2 -9709
1
2 19074
1
2 -60239
2 90858
2 38815
2 60026
1
2 -7727
2 -89058
2 31464
1
1
1
1
1
1
1
1
2 57626
1
2 -98950
1
2 41747
2 39568
1
2 -13447
1
1
2 -79593
1
2 4080
1
2 72610
2 -64601
1
2 -51545
1
2 -90373
2 -49767
2 24325
1
2 -76501
2 25521
2 93449
2 -14858
1
2 -28027
2 78122
1
2 40514
2 -47129
2 34515
1
2 10609
2 56091
1
2 6372
1
2 78222
2 56744
1
2 15684
2 -91941
2 86888
2 70203
2 -91467
2 -28492
2 86427
1
2 -62
1
2 77303
1
1
1
2 38106
1
1
1
2 -59221
1
1
1
1
1
2 86827
1
1
2 -19497
1
1
1
2 39181
1
2 34926
2 -18539
1
2 62865
1
1
2 -20393
1
1
1
2 23201
1
1
2 13216
1
2 35570
2 -55310
1
1
2 98338
2 83534
1
1
1
2 -3936
2 241
2 90190
1
1
1
1
2 -36643
2 96195
2 35214
1
2 -47835
1
2 85911
1
1
1
1
1
1
1
1
2 -63357
1
2 9979
1
2 76097
1
1
1
2 79945
1
2 32570
1
1
1
2 -66492
2 -36523
2 71539
2 -39159
1
2 87100
1
2 -69053
1
1
2 81362
1
2 26878
1
2 -50748
1
2 77452
2 -66589
2 91673
2 59290
1
2 69144
2 18942
1
2 -36902
1
1
1
1
2 -12776
2 64408
1
2 -72806
1
1
2 53643
2 -53185
1
2 36757
2 -71440
2 85663
2 -58335
2 -7775
2 -84181
1
1
1
1
1
2 29181
2 -78668
1
1
1
1
2 45409
1
1
1
1
2 -21942
2 54716
2 75862
1
2 76375
1
1
1
1
2 9192
2 -90383
2 76301
2 -88993
2 60167
2 22185
1
2 -68464
1
1
1
1
1
2 -77809
1
2 -19192
1
1
2 97104
2 -68500
1
2 63317
2 -66472
1
2 27269
1
2 -2367
1
2 -29483
2 53526
2 20458
1
1
2 -58500
1
2 -45449
1
1
1
1
1
1
1
1
1
2 -54358
1
2 -24625
2 36843
1
1
1
2 67074
1
2 77587
2 25111
2 -45717
2 -15637
2 -31673
2 -64550
2 -94608
2 -64376
1
1
1
1
1
1
2 -10447
1
2 19156
1
2 -53197
1
1
1
1
2 -77484
2 43515
2 -96554
1
2 -75085
1
2 -48029
2 9400
1
2 40215
2 -20438
2 88906
2 -44095
2 39419
1
2 -64073
1
2 -93898
2 73699
2 -59236
1
1
2 94879
1
1
2 82439
1
2 20168
1
2 -59792
2 -61969
1
1
1
1
2 -52994
1
2 -9053
1
1
1
2 87828
1
2 19081
2 36054
1
1
1
1
2 92681
2 58131
1
1
2 -51483
1
2 -31608
2 -39130
1
1
2 -74678
1
1
2 41714
2 -85633
2 41
1
2 -28478
2 89024
2 -94011
1
2 67955
1
1
2 10693
2 12457
2 -82735
1
2 60920
2 75832
1
2 -85427
2 -82378
2 -86507
1
2 -25466
2 80939
2 -71840
1
1
1
2 85594
2 4346
2 -95736
1
2 99671
1
2 61929
1
1
2 92398
2 -89728
2 -22573
1
2 42307
1
1
1
2 -68013
2 56835
1
2 -98958
2 63593
1
2 -29169
1
2 18615
2 -9019
2 -62378
1
1
1
1
2 -40468
2 -46239
2 95549
2 -33639
2 -80805
2 -30336
2 65935
2 -98218
1
2 28912
2 73477
2 -18118
2 -71568
1
2 16387
2 49942
1
1
1
2 41861
1
2 52670
2 -98766
2 -58724
1
1
2 -898
1
2 67986
1
2 39973
2 -44534
1
2 -25018
1
1
1
2 8157
1
1
2 -18770
2 74134
2 -13834
1
1
1
1
2 35
2 -33792
1
1
2 -50375
2 -30596
2 -24776
2 -12822
2 35648
2 55414
1
2 -62011
1
2 -71564
1
2 -86343
2 14590
2 96102
2 -60235
1
1
2 42434
1
2 -12248
2 57425
2 98401
1
2 -55931
2 15309
1
1
1
1
2 48187
1
2 20681
1
2 66210
1
1
2 -17593
1
1
1
1
1
2 -41848
2 81244
1
1
2 -66658
2 -88207
2 73201
2 -47642
1
1
2 43054
2 60938
1
2 -39575
1
2 -95906
1
2 76896
1
2 -34453
1
1
1
1
2 -93381
2 27985
1
2 -57382
1
1
2 -77291
2 -99494
2 -29811
2 80819
1
2 -95281
2 5653
1
2 97688
1
2 4677
1
2 -78132
1
1
1
2 -47471
2 -46003
1
2 18493
1
2 65335
2 -79756
2 6703
2 2995
2 11845
1
2 -43075
1
1
1
1
1
2 59736
1
2 32
2 19257
2 36004
2 30752
1
2 -23023
2 -85821
1
1
1
1
1
2 -87926
2 67194
1
1
1
2 -71662
1
2 -90470
2 89616
2 -49269
1
2 -16454
2 55139
2 -99657
1
2 79998
2 78322
2 -41896
1
1
2 96273
1
1
2 75405
2 2923
2 97996
1
1
2 -41721
2 -79970
2 -95035
1
1
2 -89675
2 -57171
1
1
1
2 84674
2 -90887
1
1
1
2 10306
1
2 58085
2 44180
2 46675
2 42995
1
1
2 -88454
1
2 -29978
2 49101
2 -62428
1
2 -20425
1
1
2 -40318
1
1
2 -20649
1
2 -40925
2 5610
2 61685
1
2 21334
1
2 96655
1
2 58254
1
1
2 -69535
2 44717
1
1
1
2 -96687
1
2 -99150
2 -51800
1
2 7028
1
1
2 -76135
1
2 -84553
2 -67141
1
1
2 65052
1
2 -44136
1
1
2 23107
2 -78217
1
2 28335
1
1
1
1
1
2 -10321
1
2 19862
1
1
1
2 64627
2 82536
2 55957
1
2 42964
1
2 54785
1
2 762
2 78677
1
2 75639
1
1
1
2 39111
2 -14683
1
1
2 34628
2 61910
1
1
1
2 -13825
1
2 99618
1
1
1
2 -15268
2 50082
1
2 97891
1
2 -98892
2 -70
2 13675
1
1
1
1
1
2 33835
2 69499
1
1
1
1
1
1
1
2 -26956
1
2 83099
2 45688
1
1
1
2 87904
1
2 -35174
2 95619
2 -17219
2 -82066
2 32600
1
1
1
2 93010
1
2 94992
2 -56992
2 69477
1
2 43721
1
2 -26452
2 651
1
1
1
2 26656
2 703
1
1
1
1
2 52229
1
2 30025
2 -65340
2 13860
2 47728
2 62141
1
2 58625
2 -44362
2 83912
1
2 55541
1
1
1
1
2 31473
1
2 72324
2 47490
2 68287
1
1
1
2 71193
1
1
2 5542
1
2 -6671
1
2 33153
1
1
1
2 70527
2 -78470
2 91263
1
1
2 84234
2 -82853
2 58617
2 -80933
2 -81198
2 68176
2 -14758
1
1
1
1
2 79188
1
1
2 -66496
2 -24635
2 43472
1
1
2 -95012
1
1
2 -65438
1
2 69007
1
1
2 -67790
2 -78677
2 47123
1
2 43380
1
1
1
2 32014
2 10469
1
2 77746
1
2 -29518
2 -22846
1
2 -81203
2 -17233
2 -54814
2 24500
2 -14334
1
1
2 92173
1
1
1
1
1
1
2 -85425
1
2 -32359
1
1
1
2 57210
1
2 33620
2 59368
2 -921
1
2 71351
1
1
2 41630
1
1
2 97374
2 2005
2 -65779
2 12241
2 -75134
2 -29266
1
1
2 71458
2 20796
2 -54714
2 4334
2 -21918
2 44776
2 -72754
1
1
1
2 59000
1
2 -1456
1
2 64338
1
1
1
1
1
1
2 35605
1
1
2 -63966
1
1
1
1
1
2 73775
2 69459
1
1
2 -38255
1
2 -25129
1
2 -69500
2 -53557
1
1
2 61387
2 -36380
1
2 -41708
1
1
2 -82223
1
2 -79862
1
1
2 17866
2 3401
2 76118
1
2 -24706
2 20378
2 62735
1
2 49471
1
2 -99005
2 -61346
2 -56796
1
2 -45655
2 18472
1
2 21482
2 -15970
1
2 50727
2 -59544
2 -48612
2 -43161
1
2 5289
1
2 80748
2 86022
2 31350
1
2 21891
1
2 -63615
1
2 20419
2 -34555
2 -1374
2 25122
2 -63091
1
2 -68851
1
1
1
1
2 -98210
2 17729
2 50509
1
1
2 84899
2 -82112
1
2 -31739
2 -93516
1
2 62995
2 -68880
1
1
1
1
1
2 -49143
1
1
2 -33916
2 -63923
1
2 40013
1
2 -62835
1
2 -23414
1
1
1
1
1
2 30565
1
1
1
2 29508
2 -97887
2 28423
2 25983
1
1
2 -54568
1
1
2 8708
1
1
2 -12184
2 -51896
2 89813
2 -99468
2 86440
1
2 -24894
1
1
1
1
1
1
1
2 -24771
2 -85769
2 -28433
2 -88698
2 18149
1
1
2 -40155
2 67402
1
1
2 79144
2 67390
1
1
1
1
2 -26262
2 64894
1
2 92836
2 -57411
2 48859
2 4921
1
1
2 80541
2 -43374
2 48963
2 -87180
2 32362
1
1
1
1
2 -19738
1
2 50582
1
1
1
2 8308
1
1
1
2 -20106
1
2 -56699
2 45972
2 20022
1
2 59031
1
1
2 -20209
1
1
2 -80555
1
2 -984
2 14166
1
1
1
1
1
1
1
2 81904
2 -96576
1
1
1
2 -16958
1
1
1
1
1
1
2 -6081
2 32379
1
1
1
2 -44753
1
1
1
1
2 -83423
2 -54054
1
2 -7940
2 53705
2 95641
1
1
1
2 33414
1
1
1
2 22880
1
1
1
2 79504
2 -33414
2 37594
1
1
1
1
2 91787
1
1
2 6225
2 -1393
1
1
1
1
2 19587
1
2 -68815
1
2 25575
1
1
1
1
2 55510
2 12170
2 -39186
2 10231
2 -29145
1
1
2 95980
2 -28869
1
2 785
2 60914
1
1
2 -26019
2 -348
2 42605
2 -36118
1
1
1
1
2 67787
2 83693
2 -51462
2 87595
2 -65875
1
2 -950
1
1
2 43184
2 -49760
2 -90294
1
1
2 88401
2 -57276
1
1
2 23358
2 27081
1
1
1
1
1
1
1
2 34831
2 12357
2 19535
1
2 -6814
1
1
1
2 19892
2 -92770
2 -10027
1
2 45129
1
1
1
2 73253
2 57220
2 20835
1
1
1
1
1
1
2 -39544
2 -77338
1
1
2 -68584
1
1
2 37771
2 49067
2 90123
1
1
1
1
1
2 -8777
2 84578
1
1
1
1
2 -90535
2 99576
2 53667
1
1
2 -24815
2 -77908
1
2 67520
1
2 -44071
2 23967
1
1
2 96646
2 52795
2 90586
2 -40530
2 -61782
2 36452
1
2 -91210
2 54036
2 22292
1
1
1
1
2 -7280
2 -23960
2 27049
1
1
1
1
1
2 -85235
1
1
2 94498
2 -61261
2 31056
2 67039
2 78125
1
2 -42351
1
1
1
2 -16064
1
1
2 23014
1
2 19150
2 -36595
1
1
2 -63032
1
2 -32950
1
2 -18270
2 -73405
2 69421
1
1
1
2 -61332
2 62201
1
1
2 59418
1
2 46220
1
2 6721
1
1
2 50284
1
2 10076
1
2 76070
2 77701
2 37690
1
2 86432
1
2 -19796
2 -90235
2 57209
1
2 94209
2 -66606
1
2 -22531
2 -14988
1
1
1
2 -1325
2 495
1
1
1
2 68251
1
1
2 -50377
1
2 -57409
2 -52615
1
1
1
1
1
2 56178
1
1
1
1
2 -17556
1
1
1
1
1
1
2 80835
2 -62065
1
1
1
1
1
1
2 88033
1
1
2 -58547
1
2 -46173
1
1
2 82390
2 73166
1
1
2 53630
2 98830
1
1
1
1
1
2 -34164
1
2 -44365
2 74383
1
1
2 -36412
2 66824
1
1
1
2 -25893
2 44269
1
2 1612
2 62996
2 -95453
2 -70665
2 92064
2 52890
2 -98884
2 -98628
2 538
2 -28824
2 -83576
2 -79864
1
1
2 99138
2 -29229
1
1
2 -70612
1
2 -71933
2 -38792
2 29530
1
1
1
2 -9934
1
2 31343
2 -79944
2 -131
2 -6789
2 36044
1
2 90319
2 35840
1
2 38472
1
1
2 -94864
2 -9630
2 39199
2 33482
2 -3427
2 -19098
1
1
2 -75768
1
1
1
2 -49109
2 45222
2 87759
1
2 5716
2 -60770
2 58480
1
1
1
2 72781
1
2 -26258
2 -50849
1
2 94774
1
2 54342
2 -32088
1
2 80847
1
1
1
1
2 62267
1
1
2 -87661
2 -36118
2 -51057
2 -62585
2 -25423
2 41619
2 74315
2 -5842
2 -10729
1
1
2 -40029
1
2 34507
2 -46276
1
1
1
2 -93848
2 19375
1
2 73814
1
2 -79392
2 -9892
2 -80093
1
1
1
1
1
1
2 25232
2 50250
1
1
2 -99718
2 -69536
2 33474
1
1
1
2 24660
2 23321
1
1
2 62929
2 70654
1
2 31372
2 96678
1
2 31604
2 92953
1
1
1
1
2 -85964
2 25999
2 -7214
1
2 -48844
1
1
2 71026
2 -77320
2 30844
2 14049
2 -38271
1
2 37162
1
2 -6515
1
2 9521
2 -61264
2 -42644
1
1
1
1
1
1
1
2 -78180
2 -25885
2 -50921
2 -77482
1
2 72430
2 85197
1
2 44347
1
2 64583
1
2 21349
1
2 17860
1
1
1
1
1
1
1
2 -13016
2 -78265
1
2 64446
1
1
1
2 -53807
2 48732
2 21054
1
1
1
2 10221
1
1
2 38953
1
1
1
1
1
1
2 14273
1
2 20857
2 93311
1
2 60792
2 -10562
2 -44795
2 40930
2 -43822
1
1
2 -30742
2 -77070
1
1
1
2 -41958
1
2 -22804
1
2 -43165
1
1
1
2 29179
2 -97042
2 53335
1
1
1
2 -98331
2 -61169
2 -47059
1
1
1
2 -42115
2 -23041
2 -52933
2 -3570
1
2 95070
1
2 72414
2 -8811
2 -58021
1
2 34680
1
1
2 4394
2 -80391
1
2 -26715
1
2 84034
2 165
1
1
2 14830
1
2 38119
1
2 22765
2 60180
2 4752
1
1
1
1
2 81773
1
2 -46756
1
2 -3542
1
2 9875
2 -95199
2 93953
2 -16528
1
2 -20900
2 -96040
2 -73448
2 60148
1
2 -75702
1
2 380
1
2 14820
1
2 -31224
2 94799
1
2 61701
1
2 47735
2 -5540
2 -4194
1
2 -4107
1
1
1
2 49745
2 -31154
1
2 4971
1
2 66063
1
2 -94437
1
1
2 -10650
1
1
1
1
2 -32872
2 90422
2 73368
2 -60033
2 -23364
1
1
2 -86142
2 85267
2 -97574
2 -66296
1
2 -85618
1
1
1
2 -69256
1
2 -87803
1
2 54914
2 61174
2 -167
1
2 32940
1
1
1
2 -13428
1
2 -20560
2 51825
1
1
2 -97371
2 40980
1
1
2 7342
2 85852
2 26652
2 -31760
1
2 38519
2 74162
1
2 85338
2 -46232
1
2 -68364
1
2 58423
1
2 50655
1
1
2 -94452
1
1
1
2 -36749
1
2 89518
1
1
1
2 -49349
2 -2741
2 5584
2 -22385
1
2 65694
2 32738
2 8179
2 11927
1
1
1
2 -55945
1
2 -14082
1
1
1
1
1
1
2 -57533
2 -29976
1
1
2 -3415
2 47558
2 -48890
2 -34634
1
2 26379
2 15500
1
2 -20773
1
2 42625
2 -27363
2 7212
2 24365
2 40269
1
2 73300
1
2 59494
1
1
2 -41841
2 37718
1
1
1
2 -27766
2 -28245
2 -59505
1
2 -95561
1
1
2 56694
2 745
1
2 61687
1
2 -92206
1
1
1
1
1
2 72959
2 1757
1
2 48294
2 -80726
1
1
2 38501
2 -42441
2 11755
2 -31787
1
2 -5599
2 -5893
1
1
1
1
2 28788
1
2 -50773
2 -44562
2 38193
1
1
1
2 74933
1
2 -6551
1
1
1
2 -85006
2 -72453
2 -7734
2 -20399
2 78126
2 10697
2 26989
2 67324
2 73427
1
2 -87609
1
2 64411
2 19512
2 92811
2 -74834
2 -45762
2 68271
1
1
2 78734
2 18643
2 -72034
1
1
1
2 93687
1
1
1
2 -11405
1
1
1
2 84530
2 61314
2 49164
2 -93854
2 76661
2 -20053
1
2 -39655
2 95302
1
2 46433
1
1
1
1
2 -52875
2 92552
2 -50614
1
2 -57468
1
2 -1699
2 -89854
1
2 28405
1
1
2 -91691
2 33952
2 -9203
2 5888
2 16407
2 -15742
2 72986
2 -9883
2 -53582
2 -90898
2 73504
2 -31204
2 -47149
2 90683
1
1
2 -18702
2 28846
2 80885
1
1
2 19531
2 -67516
1
2 -84006
1
2 -44555
2 -5589
1
1
2 46923
2 -5969
1
2 -20454
2 -91445
1
1
2 57910
1
1
2 92152
2 -78552
2 52112
1
1
1
2 92476
2 66778
2 -47463
1
2 81555
1
1
1
2 -26882
2 50703
2 26163
2 -30297
2 -97763
2 -12576
2 361
1
2 -92279
1
2 88132
1
2 27976
2 -63294
2 35656
1
1
2 74411
1
2 93394
1
2 -97233
1
1
2 -55451
2 -61384
2 -95574
2 -84740
2 -73473
2 -91800
1
2 -69968
1
1
2 -19030
2 85395
1
1
1
2 -47569
2 81816
2 -97478
2 -45145
2 -27061
2 18990
2 -26980
1
1
1
1
2 -36613
2 -56392
1
2 -53346
1
2 -31298
2 -71417
1
2 61647
2 -26439
1
1
1
1
1
1
2 -3742
1
1
1
2 -83392
1
1
2 8455
1
1
2 -95596
2 38980
2 -68604
2 -32305
2 -50199
1
1
2 -1238
1
2 -53180
1
2 85176
2 -69375
1
1
2 -71862
1
2 -53625
1
1
1
2 -62141
1
1
2 -30906
2 -85476
2 63245
1
1
1
2 -4921
1
1
2 23832
1
1
1
1
2 -71939
2 17936
2 2158
2 41033
1
2 -75668
2 -74451
1
2 -59206
2 56779
2 73416
2 -20761
2 96142
2 84199
1
2 18544
1
2 -27028
1
2 67815
1
2 -43227
1
2 -85195
1
2 -24517
2 -84806
2 -89364
2 -53676
1
2 38213
2 -23704
1
1
2 -27774
2 -26529
2 30793
2 97813
1
1
2 -49315
1
2 80096
2 -36370
2 26746
2 -52355
2 86831
1
1
1
1
1
1
1
1
1
2 -37225
2 -76676
2 89792
1
1
2 28924
1
1
2 -98636
2 -70089
2 -34662
1
2 44645
2 99591
1
2 -69656
2 46106
1
2 58836
1
1
2 7549
2 -46520
1
2 -70443
1
2 -85304
2 41301
2 -13638
2 35883
1
1
2 -98075
2 63339
2 32321
1
1
1
1
1
2 66802
1
2 82272
2 25031
2 -3340
2 -23479
1
1
1
1
2 60737
2 13139
2 54088
1
2 -125
1
1
1
1
1
1
2 28605
2 -57333
2 -23780
1
2 36511
2 -65602
2 15848
1
1
2 -60850
2 60572
1
2 -20993
1
2 36243
2 76694
2 70049
2 -1692
1
1
1
1
2 99288
2 -68517
2 -8908
2 -12529
1
1
2 44859
2 -19983
1
2 16369
2 84621
2 41559
2 -98258
1
1
2 36956
2 38113
1
1
2 -59274
2 -20504
1
2 66024
2 84082
1
1
1
1
2 68202
2 -68682
1
2 2442
1
2 -11971
2 -71048
1
2 -2567
1
1
2 70567
1
1
2 38333
2 13217
2 40844
2 -14403
2 -32960
2 -70460
1
1
1
2 56161
2 -10752
2 -16949
2 56031
1
1
1
1
2 1931
1
1
2 70437
1
2 94016
1
2 48448
1
2 -17022
2 25439
2 -1165
2 24291
1
2 -79910
2 43468
2 3011
1
1
2 49010
2 14468
2 -45501
2 -12683
2 79594
2 19836
1
1
2 976
2 -60810
1
2 -67574
2 5462
2 6196
2 9263
2 -39793
1
1
2 -68581
1
1
1
2 69722
2 -31262
1
2 -53548
2 -91105
2 -6491
2 15339
2 -67675
1
2 -94245
2 -28407
1
2 21288
2 -32528
2 -20504
2 10123
2 86720
1
1
1
2 -78632
1
2 41597
2 23357
2 -26177
1
2 -66106
1
1
2 51122
2 14727
2 18322
1
2 32645
2 -54991
1
1
2 -35975
1
1
2 -9266
1
1
1
1
2 -2561
1
2 -7639
1
1
2 -50175
2 -93999
1
2 -46752
1
2 -43392
2 70616
2 25379
1
2 89052
1
2 15590
1
1
2 -35860
1
2 36536
1
2 92065
2 -53613
1
1
1
1
1
1
2 86268
1
2 -2477
2 -74729
2 40317
2 -7722
2 26517
2 61635
2 -74144
2 48160
2 -33947
1
1
1
1
1
1
2 -49618
2 95540
2 -27566
2 -76076
1
1
2 43758
1
1
2 16533
2 -50780
1
2 -18298
1
2 97510
1
2 -17047
1
1
2 34510
1
1
1
1
2 76283
2 -36339
2 -48162
2 -49751
1
1
2 -54610
1
1
2 -96487
1
1
2 -51927
2 28547
1
2 28228
1
2 -23016
2 -6583
2 63010
2 61144
2 -5622
2 30545
2 96280
1
2 -80010
1
2 -35432
2 5156
1
2 69399
1
1
1
2 -20605
2 -63400
1
1
2 41105
2 -88106
1
1
2 93638
2 -8426
2 98832
2 -44934
1
2 62496
2 79379
2 16747
1
1
1
1
1
1
2 -95685
1
1
1
1
1
1
1
2 49789
1
1
1
2 94233
2 -89891
2 -4624
2 10182
1
2 -92118
1
2 67889
2 97881
1
1
2 -68327
2 -25328
2 10718
2 -73293
2 65865
2 -85068
2 -61370
2 13917
1
1
1
2 -20531
2 76567
1
1
1
2 -64209
2 -37480
1
1
1
1
2 -59131
2 73610
2 78152
2 28305
1
1
2 32565
2 67479
1
2 20708
1
1
2 80577
1
2 -91741
1
1
1
2 97930
1
1
1
2 28685
2 5908
1
2 -98838
1
1
2 19341
1
2 -68388
1
2 -19679
1
1
1
2 77741
1
1
1
1
2 85986
1
1
1
2 -24503
2 33535
1
1
1
2 15072
1
2 -89243
1
1
1
1
2 89087
2 81098
2 28461
1
1
2 -74078
2 -649
1
2 -77530
2 -95658
2 -58625
2 40392
2 34836
2 -57856
2 61
2 88490
2 -11718
2 -32096
1
2 64571
1
2 -32201
2 25896
2 -33190
1
1
1
2 -73927
2 76743
1
1
1
1
2 41800
2 -3042
2 -34428
2 58204
2 165
2 -91725
1
1
1
1
1
2 -73873
1
2 33049
2 70037
1
1
1
1
1
2 -62633
2 21259
1
1
1
2 -51378
2 -51175
1
1
2 -96279
2 98473
1
2 27738
2 21621
2 51438
1
2 -84379
2 -15159
1
2 -40878
1
1
2 -71789
2 99529
2 20569
2 -4392
2 -58827
1
1
2 52718
1
2 77657
1
2 15446
1
1
2 -40718
2 21743
2 31016
2 -8410
2 -8168
2 53720
2 26743
1
2 -74203
1
2 7226
2 -27241
1
2 84170
1
2 -89030
1
2 -33602
1
2 64846
2 65542
1
2 79285
2 -73718
1
2 -58852
1
1
1
1
1
2 -65983
1
2 -87677
1
2 72518
1
2 94493
2 91513
2 13884
1
1
2 92424
1
1
1
1
2 -1994
2 -38226
2 -18386
1
2 25144
1
2 4174
2 27245
1
2 23112
2 82253
1
1
2 -3215
2 -45513
1
2 -98121
2 51861
1
2 -85728
1
1
1
1
1
1
2 -51918
1
1
1
2 48943
1
2 -38152
1
1
1
2 -73767
2 12324
1
2 24202
1
2 6418
1
1
2 85893
2 -52901
2 26296
1
2 97825
2 -15663
1
1
2 -85052
1
1
2 74671
2 46464
1
1
2 -72764
1
2 -99869
1
1
2 -74269
1
1
1
1
2 28630
2 -91113
2 -5414
1
1
1
2 97289
1
2 84096
1
2 -54135
1
1
1
1
2 -56446
2 78879
2 -77567
2 32868
2 -53390
1
2 -25914
1
2 76311
2 -28570
1
2 -98575
1
2 83372
1
1
1
2 68048
2 49998
1
1
1
2 -11544
2 21385
2 85843
2 -33565
1
2 -94959
2 90219
1
1
2 -8334
2 37419
2 56135
2 46290
2 -86291
2 3006
1
2 91836
2 84826
1
2 -66921
1
1
1
1
1
1
1
1
1
2 -40464
1
2 -19414
1
2 -66316
1
2 -93427
2 80324
2 88898
1
2 28350
2 33471
1
2 9992
2 95301
2 16320
1
1
1
1
1
1
2 -57550
2 -58709
1
1
1
1
2 -57334
2 -31320
1
2 49580
1
1
2 89767
1
1
2 -74930
2 35313
2 -96422
2 68907
1
1
2 -88005
1
2 -18639
1
1
1
2 -89606
2 35574
2 -71573
1
1
1
2 -56636
1
1
2 3150
2 39959
2 4174
2 -30909
2 90210
1
2 -88457
1
1
1
1
2 -39772
1
2 79428
2 -27828
2 -5233
1
2 -14860
1
2 726
2 49956
2 41468
1
2 -41738
2 -73284
1
1
2 33183
2 -1209
1
2 -40124
2 -92723
1
1
2 6245
1
2 -76608
1
1
2 -28328
1
1
1
1
2 -46512
1
2 31925
1
2 -71534
2 -38982
2 -24667
1
1
2 -17417
2 19331
2 -7807
1
1
1
2 91356
1
1
2 75060
1
2 13195
2 -99445
1
1
1
1
1
2 18748
1
1
2 -486
2 7868
1
1
2 -78233
1
1
1
1
1
2 40679
2 51304
1
1
1
1
2 -56980
2 48168
1
1
2 -54486
1
2 -57890
2 96346
1
2 -84196
2 -81081
2 -25341
2 -16948
2 58679
1
1
1
1
1
2 3811
2 -27318
1
1
1
1
1
1
1
2 -94495
2 -25354
2 -28934
2 -25102
1
1
2 39684
2 38528
2 88600
1
2 65473
1
2 -70230
1
2 31987
1
2 31472
1
2 -23909
2 37751
1
2 15038
1
2 -48225
1
1
1
2 -8334
1
1
1
1
2 95053
1
2 -35251
2 -50027
1
2 87567
2 70741
2 -89519
1
2 -78323
2 28171
2 -66188
2 51358
1
1
1
1
1
1
2 -33242
1
2 -10261
1
2 17927
2 55700
1
1
1
2 -72215
1
2 46782
2 -73696
1
1
1
2 6589
1
1
1
1
2 -18479
1
1
1
1
1
1
2 -35344
1
2 73022
2 88663
1
2 60350
2 -83122
1
1
2 73319
1
1
1
1
1
2 64171
2 -69656
1
1
1
1
2 -90647
1
1
2 13705
1
2 40174
2 72557
2 21601
1
1
2 -79014
2 4783
1
1
1
2 -22128
2 32996
1
1
2 11304
1
2 42227
1
1
2 -88145
1
2 3414
1
1
1
1
1
1
1
1
2 -44940
2 93644
2 34655
1
1
1
1
2 21218
2 -21252
1
2 -92136
1
1
1
1
2 47333
1
2 9278
2 -45842
2 -89238
1
2 -1659
1
2 -50390
2 -65624
2 65652
1
2 21196
2 40742
1
1
1
1
2 -67514
1
2 -33763
2 52128
1
2 31533
1
2 -69774
2 -7650
1
2 -10426
2 -63247
2 16549
1
2 31689
1
1
1
2 88740
1
2 36470
2 -63618
2 -32066
2 3796
1
2 69123
2 58860
1
1
1
2 -54288
2 82156
2 99030
1
2 -22160
2 -90448
1
1
2 -28072
2 -63817
1
2 -39612
1
2 -47982
1
2 -67039
1
2 8672
1
1
2 85420
1
1
2 -26529
2 -86063
1
1
1
2 -36771
2 -32213
2 81027
2 31090
2 -76176
1
2 -99065
1
2 -99141
1
1
1
2 -24528
1
2 -70634
2 32697
1
2 36883
1
2 -44597
1
1
2 74406
1
2 32120
2 11732
1
2 31911
2 -24118
1
2 3462
1
2 79591
2 -98658
2 -49505
1
1
1
2 -7809
1
2 7680
1
2 22295
2 -40764
1
1
1
1
2 28700
1
1
1
1
1
2 5239
1
1
2 -6069
1
2 85750
1
2 -24032
1
1
1
1
2 -85334
1
2 32113
1
1
2 63720
1
2 68178
2 -97845
2 52184
1
2 88714
2 -72353
2 68293
1
1
1
2 -88978
2 -93679
2 43992
1
1
2 -81193
2 91882
2 -66634
1
2 -96598
2 -56773
2 -22954
1
2 27722
2 70472
2 49531
1
1
1
1
1
2 -47355
2 5806
1
2 17385
2 -54998
1
1
2 50447
1
2 -12181
1
2 11922
2 -5708
2 -798
2 35380
2 -80892
2 91526
2 -1062
1
1
2 88032
2 -43677
2 98261
2 -1088
1
2 96206
1
1
1
1
1
2 44595
2 26500
1
2 79268
1
1
2 -11021
1
2 53443
1
2 -15137
2 -16892
2 11539
2 94010
1
2 8675
1
2 -18202
1
2 -25605
2 45500
2 15899
1
1
2 -13812
2 -11383
2 78908
1
2 12871
1
2 87507
2 73338
2 -26807
2 -14519
1
2 -39371
2 66571
2 34099
1
2 87621
2 84665
1
1
1
2 82962
2 35819
2 -60810
1
2 73332
2 -32914
2 -1958
2 -33960
1
2 -4208
1
1
1
1
2 5600
2 74894
2 -72524
1
2 90422
1
1
1
1
2 75922
2 -77788
1
2 -682
1
2 -31360
1
1
2 45840
2 84592
1
2 54536
1
2 -44151
1
1
2 55792
2 64822
2 55630
2 81233
1
2 11255
1
2 19225
2 63497
1
1
1
2 15730
1
2 -35380
2 47851
2 -44965
1
1
2 37224
1
2 51091
2 -77242
2 -44470
2 4083
1
2 98915
2 -44869
1
2 88047
2 -90787
2 -80057
2 79334
2 -67270
1
2 -64147
1
1
1
2 75040
1
1
1
1
2 -62473
1
1
1
2 -43170
1
2 -79650
1
1
1
2 38561
2 49832
2 -60503
2 -51694
1
1
2 -12926
2 -51846
2 -69387
2 -81190
1
2 82653
1
2 55121
2 -67696
1
1
1
2 -12044
1
1
2 -90696
2 12871
1
2 -71108
1
1
2 -72882
2 -64965
1
1
2 77157
1
2 41302
2 77309
1
1
1
1
2 -17746
1
2 -50994
1
2 -66078
1
2 -9378
1
1
2 79933
1
2 -49005
2 -8155
2 -56510
1
1
1
1
2 -95971
1
2 62074
2 10964
1
2 72250
2 -69475
1
1
1
1
1
1
1
1
1
1
2 -6541
2 -39872
1
2 95091
2 -16616
2 25062
1
2 -43006
1
2 -67760
2 48202
2 -15573
1
2 69185
1
2 99237
2 15699
1
1
2 18144
2 19629
1
1
2 72380
1
1
1
1
2 -39622
1
1
1
2 -57379
2 16109
1
2 48251
2 40756
2 70050
2 89437
2 3944
1
2 54323
2 -25207
2 33948
1
2 -88125
1
1
2 -45721
1
1
2 -64297
1
2 46546
2 14788
1
1
2 -32223
1
1
2 82654
1
2 48958
2 36682
2 -47029
2 43952
1
2 7984
2 -34543
1
1
1
2 -15191
2 90748
2 85155
2 24343
1
1
1
1
2 21607
2 26750
2 -70370
1
1
1
2 88179
2 2219
2 -87243
1
2 -44296
1
1
1
1
1
1
1
2 56716
2 -62832
1
2 28657
1
1
2 -6550
1
2 96425
1
1
2 36962
2 87459
2 -73898
1
2 -93690
1
2 -60565
1
1
2 4329
1
1
2 -76272
1
2 -49978
2 23227
1
2 38428
1
2 64735
2 312
2 92775
1
2 33419
2 83593
1
2 -79903
1
2 99409
1
2 35061
2 -17064
1
2 53099
2 -1932
2 -90294
2 -23680
1
2 18124
2 -13537
2 59773
1
1
1
2 76172
1
1
2 64733
1
2 11165
2 37394
2 61104
1
2 -89837
1
2 86660
1
2 -95387
2 -88088
2 6218
1
2 90815
1
2 98385
2 -62951
2 -79372
1
2 -51556
1
2 53438
1
1
1
2 -25141
2 -16631
2 -44679
2 -35595
1
2 16518
2 64364
2 -29266
2 33149
1
2 -32094
1
2 55493
1
1
2 24751
2 -25686
2 59035
2 -71567
2 43157
2 -65475
2 -54946
1
2 39113
1
1
1
2 1038
1
1
2 44230
1
2 82720
1
1
2 42565
2 -60394
1
2 57297
1
2 85377
1
2 65525
1
2 -6919
1
2 95810
1
2 90535
2 -73974
1
2 77570
2 88673
1
1
1
2 21094
1
1
2 61929
1
1
1
1
1
2 25933
1
2 -59522
2 -46775
1
2 -84940
2 -54710
2 98749
1
2 47953
2 85457
2 68614
1
1
2 -79129
1
2 -50905
1
1
2 82201
2 -29856
2 -93371
1
2 72580
2 -9880
2 14423
1
1
2 -20433
2 69164
1
2 54853
2 55611
1
2 32199
1
2 -22108
1
1
1
2 34002
1
2 73876
1
2 8780
2 -51714
1
2 12904
1
2 -5044
1
2 -44652
1
1
1
1
2 -74605
2 -95
2 80432
2 -50144
1
1
1
1
1
2 30702
2 42661
2 -56903
1
1
2 67392
2 -59258
2 75648
1
1
2 5818
2 39346
1
1
2 -9903
2 -93852
2 -39439
2 -82985
1
1
1
1
1
1
2 21084
1
2 -69066
2 -63111
1
1
2 49903
2 -24963
2 49291
1
2 63748
2 90427
2 -91939
2 44007
1
2 -75455
2 -10894
2 93937
1
2 62244
2 -33909
1
2 -91192
2 88473
2 -79268
2 65134
1
1
1
2 50030
1
2 98430
2 87904
1
1
1
1
1
2 -93668
1
2 -90628
1
2 -58013
1
2 27607
2 -80884
1
2 85244
2 23993
2 14605
1
1
1
1
1
2 -47572
1
1
1
2 94027
2 -30155
2 -8745
2 79865
1
1
2 79482
2 72392
2 40528
1
1
2 -54028
2 -42897
2 24526
2 94510
2 4344
2 31946
1
1
1
2 -66414
1
1
1
1
2 79299
1
1
2 39521
1
2 44604
2 -76148
2 -67786
1
1
1
2 -71339
1
2 -60376
1
1
1
1
2 -90076
2 25588
1
2 86084
1
1
1
1
1
1
1
1
2 76981
2 -86125
2 -46504
2 13318
1
1
2 39869
2 60472
2 -16097
1
2 92704
1
2 -37612
2 -91984
2 5998
2 24086
2 89887
2 16688
2 -92779
1
2 -36832
1
1
2 -12699
1
2 34704
2 69925
2 -40393
2 -90301
2 62864
2 55223
2 -18099
2 -52684
1
2 -80761
2 -88935
2 -47947
2 88641
1
2 32133
2 -44459
1
2 17661
1
1
2 -84065
1
1
1
2 90880
2 23101
2 -63003
2 -67606
2 -32777
2 -41641
1
2 66454
1
2 -37577
2 -83500
1
1
1
1
2 74665
2 13401
1
1
2 -17646
1
2 -99599
1
1
2 62251
1
1
1
2 -89970
2 88474
2 -26593
2 79447
1
1
1
1
1
1
1
2 82071
2 -95830
2 -62522
2 96315
2 -26837
2 -58642
1
2 -83606
1
2 37927
2 12929
1
1
1
2 -19343
1
2 31103
2 26502
2 -69512
1
2 45194
2 -44619
2 -78911
1
1
1
1
1
2 -17139
2 -73015
1
1
1
1
1
2 -58141
1
1
1
2 21812
1
2 -44386
2 -42771
2 -53029
1
2 -18383
2 -24968
2 -41873
2 55297
1
1
1
1
2 98507
1
1
1
1
1
1
1
2 -6681
1
2 35474
2 -22605
1
2 -91106
2 -18739
2 -39958
2 15698
1
2 77846
2 -51752
2 23871
1
2 -61756
1
1
2 -68352
2 26735
2 -64328
2 81415
1
1
1
1
2 -7443
1
1
2 34046
2 -70296
1
2 -98401
2 -90110
2 878
1
2 -3253
1
2 -76747
2 82058
2 98610
1
1
2 76693
1
1
2 -33751
2 -25837
2 -70089
2 97107
1
1
2 74465
2 57038
2 70878
1
1
1
2 72163
2 -16456
1
1
1
2 -40656
2 8268
1
1
2 -19103
2 28677
1
2 -40450
1
1
1
1
1
2 68137
2 63326
1
1
2 -36143
2 16186
2 -57998
1
2 -51459
1
2 27616
1
1
1
2 2428
2 43941
1
2 42528
2 90399
2 71570
1
1
2 -41734
1
1
1
2 -24476
2 38048
2 -91081
2 -75355
1
2 89786
1
1
1
2 -89825
2 50398
1
1
1
1
1
1
1
1
2 38786
2 48587
2 -13264
1
1
1
1
2 3221
1
2 45685
1
1
2 -87829
2 86980
1
1
2 21359
2 -9085
1
2 94406
2 37084
1
1
2 -1851
2 -70689
1
1
2 536
1
2 -59364
2 2859
2 64967
1
1
1
1
1
2 -69978
2 17155
2 84123
1
1
1
1
2 40603
2 61999
1
2 89904
1
1
1
1
2 39119
1
2 -32400
1
2 47435
2 -32621
2 -11355
2 38219
2 92946
2 -93062
1
1
1
2 -28738
2 10164
2 -94919
1
2 11029
2 -3531
1
1
1
2 89825
2 25587
1
2 -28155
2 -27555
1
1
1
1
2 86306
1
2 60754
2 13740
1
1
1
2 -54209
1
2 38506
1
1
1
1
1
1
1
1
1
2 399
2 -19069
1
2 -34512
2 -31101
2 5518
2 -61441
1
1
2 70980
1
1
2 94842
2 -85794
1
2 9895
2 -2823
1
2 45279
1
2 -79485
1
1
1
1
1
2 -49327
1
2 -64853
2 -75858
1
1
1
1
1
1
1
2 -83246
2 53033
2 31260
2 -30659
2 -97538
1
2 -17082
2 -26137
2 3275
1
1
2 -43162
1
1
1
2 -2288
2 -51434
1
2 46137
2 -6891
2 53304
1
2 67249
1
1
2 -91303
2 -74888
2 -44711
1
1
2 30533
2 33131
2 59957
2 -20493
1
2 84883
2 -79857
1
1
2 35114
1
2 -57780
2 -27379
1
2 -13247
2 -45825
1
2 96305
2 34171
1
2 78614
1
1
1
1
2 -17967
2 -72747
1
2 44349
1
2 51614
2 -59063
1
2 44672
1
1
2 -56349
1
2 -26605
1
2 -11934
1
1
1
1
2 96660
2 -84567
2 -81608
2 48091
1
2 63011
2 73760
1
1
1
2 41304
2 -47672
1
2 36368
2 -65963
1
1
2 -24727
2 -84244
2 -48157
2 30372
1
2 -20603
2 3182
2 591
1
2 -10421
2 -52329
1
1
1
2 96350
2 -34755
2 -46286
2 60685
2 -43390
2 70224
2 9044
1
2 49460
2 37846
2 -96309
2 -4847
2 -17063
1
2 -12044
1
2 -26260
1
1
2 -27889
1
2 12942
2 -7831
2 89476
1
2 -3707
1
1
2 -58975
2 25103
2 67721
1
1
2 37552
2 -6898
2 72428
1
1
1
1
2 -63515
1
2 -84606
1
1
2 -99102
2 -56350
1
2 -73578
1
2 -21617
1
2 83560
2 -76539
1
2 -94496
2 -15386
2 -83653
2 -63121
2 32950
2 -83431
2 8610
2 74394
2 73477
1
2 99989
2 21532
1
2 144
1
2 74275
2 71270
1
1
1
2 57391
2 -3716
2 -70799
2 74649
2 26875
2 -55074
1
1
2 -54633
1
2 -28176
1
1
2 -22474
1
2 89676
1
1
1
1
1
2 -83400
1
2 50900
2 96659
1
1
2 -79990
1
1
2 77261
2 -30686
2 2032
2 -1671
2 -93193
2 58190
2 24687
1
2 -8678
2 -94345
2 -56675
1
1
1
2 77326
2 50261
1
1
2 -40490
2 -94810
1
1
2 -87496
2 -54213
1
1
2 8393
1
1
1
1
2 -22696
2 -71360
1
2 -80416
2 50492
1
2 -64023
1
2 -44202
1
2 -56510
2 20199
2 -35217
1
1
1
1
1
1
1
2 -1257
2 801
1
2 85247
2 14405
2 58965
1
1
1
1
2 4542
2 68371
2 68548
1
2 -67659
1
1
2 -62470
1
1
2 -95899
1
2 48671
1
1
1
2 -17015
1
1
1
2 -6572
2 60101
1
1
2 -76017
1
1
1
1
2 64475
2 -44807
1
1
1
2 -66869
1
1
2 35373
2 1049
1
1
1
1
2 -45690
1
1
1
1
1
2 2461
1
2 -65657
2 -54477
2 -84332
2 -78889
2 22372
2 96104
1
2 94989
2 47681
2 -61807
2 -36418
2 7502
2 8556
2 99388
1
1
2 72607
2 78362
2 53221
2 74942
1
1
1
2 -62637
1
1
2 -15675
2 43946
1
1
1
2 -27170
2 3991
2 -7373
2 45528
2 -98310
1
1
2 -39891
1
1
1
1
2 33323
2 40459
1
1
2 38685
1
1
1
2 87401
1
1
2 -64789
2 61508
2 53802
2 50275
2 88358
2 48230
1
1
2 -51318
2 -296
1
1
1
2 87456
1
1
1
2 10541
1
2 85594
1
1
1
2 -35589
1
2 -94644
1
1
2 17864
1
2 78879
2 -97259
1
1
1
2 -38531
1
1
1
2 11971
1
2 1246
2 62149
2 -51715
1
1
2 27108
2 -62863
2 -9441
1
2 -95027
2 -61117
1
1
2 70878
1
2 -67602
2 -34240
2 -77883
1
2 75410
1
2 -29413
2 -61497
2 28428
1
1
1
2 92817
2 9820
2 -86578
2 -25317
1
2 40738
2 90243
2 44680
2 57397
2 30937
1
2 93269
1
2 93571
1
1
1
2 15118
1
2 95061
2 -84583
1
2 19510
2 84178
2 -83239
1
1
1
2 30348
2 54484
1
2 70640
2 -59319
1
1
1
1
1
1
1
1
1
1
2 -51846
1
1
2 67456
2 57620
1
2 -40563
1
2 18917
1
2 -59440
1
2 -3335
2 35038
2 -92311
2 36477
1
2 98563
2 96081
2 -45390
1
2 77468
2 72274
1
1
1
1
1
2 -26430
2 56678
1
1
2 -81049
1
1
2 39023
1
2 25142
1
2 89024
2 12854
2 89546
1
2 65861
2 -31947
2 -25379
2 956
2 -15869
1
1
2 -98848
1
1
1
2 -91707
2 15974
2 56275
2 70160
2 -49482
2 11815
2 -20678
1
1
2 6933
2 -63655
2 -80394
2 38349
2 -16910
2 -12998
1
2 31987
2 90842
2 30211
1
2 -2464
1
1
1
1
2 32933
2 10755
1
2 62614
2 35460
2 -53495
2 -52578
1
2 44550
2 -97038
2 -26173
2 70987
2 -35513
2 -69560
2 31495
2 45445
1
1
2 46414
1
2 -55014
1
2 -94351
1
2 -51525
2 -65650
2 16394
1
1
1
2 63186
2 -80187
2 -43868
1
2 -71482
2 -12095
1
2 49054
1
1
1
1
1
2 -14087
1
2 31406
1
1
1
2 -41654
2 -31627
1
1
2 39130
2 -56400
2 -1452
2 -85619
1
1
1
1
1
2 81760
2 -44913
2 51793
1
1
2 -24264
2 -39072
1
2 69512
1
1
1
1
2 -49011
2 -35961
2 82341
2 86389
2 55770
1
1
2 99093
1
1
1
2 -19300
1
1
1
1
2 -5251
2 -18273
2 -66185
1
2 35670
2 -20123
2 -78696
1
1
1
2 47262
1
1
2 58853
1
2 38000
1
1
2 -53294
1
2 12177
2 70970
2 -43501
1
1
2 -91630
2 -38359
1
2 4301
1
1
2 -8081
2 -94284
1
2 -17893
2 49819
2 -54568
1
2 -14731
2 22564
2 -46896
2 -41618
2 -77225
1
2 64570
1
2 34922
2 75173
2 49337
1
2 48461
2 42193
2 18818
2 -32482
2 -97490
1
1
2 6616
2 99139
1
2 -89380
1
1
2 32885
1
2 92448
2 -52273
2 -84839
2 -13483
2 42523
1
2 -87178
2 40012
1
2 -68353
2 -33072
1
2 63812
1
1
2 48463
2 30814
1
1
2 -52285
2 56567
2 -52995
2 45150
2 -68296
2 -52793
2 89748
2 60372
1
1
1
2 20006
2 21991
2 -16482
2 46926
1
1
2 62847
2 -42524
1
1
1
2 -93650
1
2 63168
2 70176
2 -13017
2 55132
1
1
1
2 85847
2 84039
2 -39501
1
2 82293
2 -2115
2 -18230
2 30152
1
1
1
1
2 -22967
2 -72592
2 -97469
1
2 79861
1
2 88855
2 28111
1
2 -59074
2 66479
1
1
1
2 44762
1
2 -74327
2 -46662
2 -15119
1
1
1
1
2 -97870
2 29265
2 17112
2 46633
1
2 -66649
2 51707
2 -54539
1
1
1
2 74143
2 -64816
1
2 37475
1
1
2 70333
2 72876
1
2 79097
2 11809
2 62586
2 75234
2 12585
2 5568
2 -74859
1
2 55242
1
2 36986
1
2 93166
1
1
2 86605
1
1
2 16911
1
1
2 82266
2 -89040
2 49957
2 24517
1
1
2 -49451
2 -47342
1
1
1
1
2 -56240
1
2 -52207
2 10361
2 48918
2 6577
2 44950
2 -62290
1
2 -95075
2 -20887
2 -54729
1
1
2 -7625
1
2 -64207
2 -55465
1
2 -45710
2 79555
1
1
1
2 -76269
2 87799
1
2 62389
1
1
1
2 55345
1
2 -7443
1
2 -47562
2 -94251
1
1
1
2 -38616
2 -90971
2 -88813
2 -58096
1
2 -67488
1
1
2 -97085
1
1
1
2 -72124
1
1
1
1
1
2 -97538
1
1
2 -32060
1
1
1
2 76121
1
1
1
1
2 -40247
1
1
1
1
2 28643
1
1
1
1
2 -263
1
1
2 -77524
2 96358
2 21538
1
1
2 34619
1
1
1
1
1
1
2 -7661
1
2 27789
1
1
1
2 -26084
1
2 -63163
2 -47029
1
1
1
1
2 -14591
2 53071
1
2 -94744
1
1
2 -38138
1
1
2 84828
1
2 -35325
1
1
1
2 9967
1
2 56191
1
1
1
2 5654
2 38987
2 46188
2 67850
1
2 52655
1
2 83911
1
1
2 58190
1
2 -69248
1
1
2 -79724
2 38238
2 -78343
2 -24536
2 22636
1
2 8824
2 54614
1
2 47604
1
1
1
1
1
2 46324
1
1
2 45902
1
2 -55793
1
2 -33516
1
2 -6997
2 -98832
1
1
2 -20680
1
1
2 68996
1
2 68374
1
2 -28064
2 -37777
1
2 -80570
1
1
1
2 48673
2 55714
1
2 93288
2 -7263
2 93944
1
1
2 -94459
1
1
2 -29289
2 59370
1
2 87941
2 40275
2 22157
1
1
2 -27648
1
2 50562
1
1
1
2 54469
2 83741
1
1
2 39969
2 -51156
2 -80711
2 -74363
1
1
1
1
2 57249
2 46275
2 35554
1
1
2 5928
1
1
1
2 -9554
1
2 -91350
1
1
1
1
1
1
2 -43162
1
2 60096
1
1
2 58353
2 -19235
1
1
2 -81339
1
2 -84970
2 -81596
2 61697
2 77934
2 -28621
1
2 -40016
2 33342
1
1
1
1
1
2 36832
2 51309
1
2 -41441
1
1
2 22833
2 -57701
1
2 37884
1
1
2 -54103
1
2 36024
1
2 58300
2 -96838
1
2 -65771
2 -70854
2 -68747
1
2 -6319
2 -83441
1
2 78676
2 -67871
2 27208
2 -68023
1
2 9133
2 -49653
1
2 -78986
1
2 -85201
1
1
2 30875
2 -13261
2 -86375
1
2 4973
1
1
1
1
1
2 -48970
1
1
1
1
2 9688
1
1
2 -82312
2 81929
2 96803
1
2 21254
2 26565
2 38947
2 -1595
1
1
2 -83747
2 79805
1
2 -52577
2 35175
2 -53807
2 -60243
1
1
1
1
1
2 -38672
1
2 -3476
2 38082
2 -17590
2 -7129
2 -59958
2 -48499
2 39572
2 83626
1
1
1
1
2 2994
1
2 82333
2 53841
1
2 19110
1
2 88067
2 22668
1
2 -93234
1
2 -19768
1
1
2 -23332
2 81735
2 55351
1
2 52971
2 -57518
2 84261
2 -72458
1
1
1
1
2 -65705
2 -83084
2 87393
2 -68393
2 -24090
2 -31911
1
1
2 10197
2 1397
1
2 -28118
1
2 -61011
1
1
1
1
1
2 -37813
2 34739
2 53124
2 -49179
1
1
2 -44274
1
2 5475
1
1
1
1
1
2 -22722
1
2 34882
2 -54708
2 79182
1
2 -38090
2 12176
1
1
1
2 53262
2 32443
1
2 -55848
1
1
1
1
2 -5457
1
1
1
2 40358
2 -80636
1
1
2 74716
2 -5609
1
1
1
2 -93133
1
2 77134
2 80790
2 40568
2 -44899
2 -10370
1
2 53735
2 -46294
2 -95558
2 -48687
2 -17477
1
1
1
1
2 -97046
2 -70906
1
2 94604
2 45673
2 6759
1
2 -99250
2 -58259
2 -36589
1
1
2 -29174
1
2 -12360
1
1
1
1
1
2 41224
1
2 -49510
1
1
1
1
1
2 -29891
1
2 -5245
1
1
2 42957
2 -38000
1
1
1
2 55455
2 9588
2 34851
1
2 9136
2 22645
1
1
2 -17670
1
2 65240
1
2 25381
2 30069
1
2 34076
1
1
2 -44649
2 1660
2 70062
2 -88831
1
2 35630
2 76091
1
1
2 -92137
1
1
2 -8871
2 -32290
1
2 89486
2 48420
1
2 -35122
2 -57018
1
1
2 78404
2 56310
2 16332
2 12940
1
1
1
1
1
1
2 89779
2 3763
1
1
1
2 -21671
2 26574
1
2 -77851
2 -90898
2 57327
1
2 50655
2 -55803
1
1
2 85683
1
1
1
1
2 43644
2 -8687
1
2 -10267
2 89190
2 -6146
2 84095
2 72491
2 -10098
1
1
2 -54094
2 -1596
1
1
1
1
2 47686
2 -39980
1
1
2 50850
1
2 33857
1
2 -16693
1
1
1
2 -98672
2 88153
2 -81834
1
2 2544
2 -42061
1
1
2 948
1
1
1
1
1
1
2 -39645
1
2 68966
1
2 -45525
2 -79993
1
1
2 -96062
2 -13061
1
1
2 -75548
2 5398
2 -92521
1
1
1
1
2 -45444
1
1
2 31476
1
2 -27849
2 31468
2 -67577
1
1
1
1
1
2 -21476
1
2 5298
2 -52796
2 19062
2 41112
1
1
2 -31055
1
2 3832
1
1
1
2 90194
1
2 18823
2 -44619
1
2 74105
1
1
1
1
2 -26358
2 26668
2 26848
2 -10654
1
2 -445
2 92587
1
2 -53826
1
1
2 81947
2 26244
2 12609
2 20330
1
2 49971
2 67370
2 15124
2 74212
1
2 464
1
1
2 -39682
2 -34939
1
2 -85310
2 -1967
2 -94431
1
1
2 88401
1
1
2 -82909
2 -60961
1
2 65847
1
1
1
2 37268
1
2 1285
1
1
1
2 -79091
1
2 -62526
2 61088
2 51342
1
1
1
1
1
1
2 83618
2 -77518
2 -99502
2 -85929
1
1
1
1
2 -69175
2 28841
1
2 -88422
1
2 52777
2 41561
1
1
1
1
2 -7554
2 -76600
1
2 15223
1
1
1
2 78876
1
1
2 -26893
2 83092
1
1
2 -81299
2 -92997
1
2 81957
1
2 31842
1
1
1
2 33750
2 91913
1
2 -55353
1
1
2 -96417
2 38605
2 -73508
1
2 -92039
1
1
1
1
1
2 -97138
1
1
2 85464
2 -31355
1
1
1
2 -11928
1
2 64129
1
1
2 80668
1
2 46973
1
1
1
2 -16963
1
2 -47003
1
1
1
2 -46310
2 -62560
2 72013
2 61908
2 -84411
2 -28051
2 -51367
1
1
1
1
2 69326
1
2 -91409
2 33451
1
2 -36398
1
2 21440
2 -57707
1
2 -72032
1
2 -79454
2 22962
2 31219
2 -55744
2 -74122
1
2 68698
1
1
1
2 66029
2 94864
1
2 -64142
1
2 6122
2 -52342
1
1
2 -89904
1
1
1
2 -36475
2 -11094
1
1
1
2 -93345
2 -96622
2 59104
2 28213
2 -87851
2 -12453
1
1
2 37200
1
2 86467
1
2 -75321
2 -96300
1
2 -95192
1
1
2 -53507
2 -52261
2 -20981
1
2 63039
1
2 -53867
2 95643
1
1
1
1
2 -94389
2 -47368
2 89173
2 64320
2 -44059
2 55995
1
1
1
2 -68626
2 97250
1
1
2 27025
2 -42519
2 -84510
2 68437
1
1
1
2 -97779
1
2 -54307
1
2 -94477
1
1
2 59142
2 86661
1
1
2 90164
1
1
1
1
2 24923
2 -59342
1
1
2 94207
2 -90448
1
1
2 -61111
1
2 63617
1
2 98923
1
1
2 -48891
1
1
2 32836
2 4756
2 41798
1
2 -33725
1
1
1
1
2 -2316
1
2 45667
1
1
1
2 5948
1
2 -77243
2 69905
1
1
1
2 -3883
1
2 -90566
2 38594
1
1
1
2 -41291
2 19338
1
2 97128
1
2 -63549
1
1
2 54226
2 33532
2 -98022
2 16564
2 46743
2 -85245
1
2 -9593
1
1
1
1
2 97168
2 -38211
2 -335
1
2 44437
1
2 48183
1
2 28227
2 -3130
1
2 -48010
2 -86572
2 24442
1
1
1
2 1655
1
1
2 9364
2 -10852
1
2 -50980
1
2 -38226
1
2 21138
1
1
1
1
1
1
1
1
1
1
2 11912
2 -14389
2 46815
2 47494
1
1
2 33598
1
1
2 -71615
1
2 -68632
2 15128
2 -3706
2 -88948
1
2 41807
1
2 -80391
1
1
1
1
1
2 -70421
2 -94539
2 -54087
2 -70607
2 8717
1
2 -95338
1
2 -46742
2 40800
1
1
2 86341
1
1
1
1
2 40084
1
1
2 -40168
1
1
2 -22729
1
2 -20760
2 -68963
1
1
2 -37598
2 97522
2 96675
2 44174
2 -21841
2 90468
1
1
2 7723
2 26157
2 -29627
1
1
2 -99171
1
2 -96183
2 35328
1
1
2 28429
2 65218
1
2 -45219
2 53061
2 -26784
2 54485
1
2 -6438
1
2 70095
2 84426
1
1
1
1
1
1
2 22979
1
2 55952
1
1
1
2 -42271
1
1
1
1
1
1
2 -80231
2 -61094
1
2 -18835
2 65743
2 -11075
1
1
2 59960
1
2 -62466
2 -98867
2 -85703
2 14079
1
1
1
1
1
1
2 -86806
2 54396
1
2 -54408
2 -15255
2 70322
2 -72158
2 -9290
1
1
2 -45138
2 -95344
2 98183
2 40503
2 -41433
1
2 93597
1
1
2 92590
1
2 87461
1
1
1
2 -24181
2 -66013
1
1
1
2 36427
1
1
1
1
1
1
2 50129
1
2 -82635
2 47829
2 -28397
2 -19762
2 -29113
2 5729
2 -92116
1
1
1
1
2 -30956
2 -38325
2 -37694
2 80893
1
1
1
2 -67931
1
1
2 -1229
2 -46936
2 -15940
1
1
1
2 -54736
1
1
1
2 -12415
2 -61411
1
1
2 -90973
1
2 85027
1
2 -67978
1
1
1
1
2 23718
1
1
1
2 -71626
2 91087
2 55706
2 95705
1
2 -23920
1
2 94487
2 -38579
2 15587
1
2 10595
1
1
1
1
2 -58704
1
1
2 -17109
1
1
1
2 -78225
2 26636
1
2 26183
1
1
1
1
2 -28209
2 -98596
1
1
2 -4248
1
2 -30014
1
2 -20472
2 68067
2 55030
2 21355
1
2 -41492
1
1
2 -25494
2 -73946
1
1
1
2 87471
1
1
1
1
2 -57266
2 -42371
1
2 23134
2 23787
1
2 -74005
2 22743
2 98003
1
2 85950
2 73755
1
1
2 -9826
1
1
2 95748
1
2 37128
1
1
2 -3810
1
1
2 -5462
2 -89530
1
1
2 59333
2 66832
1
1
2 -77417
1
2 51210
2 -8397
1
1
2 -4311
1
2 -75131
1
2 -59959
2 -35131
2 54506
1
1
1
1
2 -38114
1
1
1
1
2 30009
2 -43193
1