10000
2 118307450
1
2 745966927
2 75870065
1
2 -723586512
2 245738688
1
2 906250107
2 -589969172
2 -799809845
1
2 777931876
1
2 -646648304
2 -876126176
1
1
2 -369312597
2 -850617974
1
1
2 30269217
1
1
1
2 137379057
2 906763853
2 586150058
2 531153744
1
2 -17807522
1
2 645362007
1
2 823447462
2 -656186047
1
1
2 452926114
1
1
1
1
2 218396509
1
2 -789773803
1
2 957461247
2 -167693587
1
2 -220888677
2 -691655020
2 -486687724
1
2 318762061
1
2 263847566
1
2 118926982
1
2 -602915603
2 370927291
1
1
1
2 514584207
2 -29291822
1
2 -834191364
2 29248566
2 -960361972
1
1
1
1
2 -111955625
1
1
1
1
2 -583161178
1
2 -579456778
2 -899217055
2 -578938761
1
1
1
2 -638004894
2 853960359
1
1
1
2 -988895078
2 -221454676
1
1
2 -758254329
1
2 34236163
2 145324842
2 146998767
2 498941683
1
2 -330166386
1
2 215908845
1
1
1
1
2 -224959451
2 -698611911
2 292818199
2 -624657461
1
2 371527804
1
1
2 -506634027
1
2 -499231856
1
1
2 -100141484
2 -45690758
2 229248145
1
2 504118126
2 -724679542
1
2 -479455162
2 454594400
1
1
1
2 -558842972
2 320874983
2 -755259960
2 -516252775
2 652339001
1
1
1
1
2 -178289687
2 361931696
1
1
1
2 407217449
1
2 78860005
2 -491660618
2 -5692446
1
1
1
1
2 469699716
2 452854538
1
1
2 520650288
1
2 461335251
1
1
1
2 -755845859
1
2 63849393
2 -40926252
1
1
2 -558434938
2 575928990
2 128399654
2 580665772
2 -213164944
1
2 623218171
1
1
1
1
1
2 -494956330
1
2 762914341
2 -452836909
2 -261273228
2 -905289154
2 -935684002
2 773388824
1
1
1
1
2 -167528671
1
2 324044254
2 98761510
1
2 -987807525
2 -891108510
1
1
2 -342662310
1
2 198433542
2 -653770598
1
1
2 51928687
2 -874520529
1
1
1
1
2 -847020448
1
1
2 473036036
2 916895958
2 506613277
1
1
2 -534214904
1
1
2 -173144232
2 -443423573
1
1
2 -26177488
1
2 -575872978
2 -97650682
2 990116474
2 89584330
2 -635269148
1
2 174424142
2 483081648
1
2 287685663
1
2 -88163703
2 -218347352
1
2 -31190163
2 769668285
1
2 -101708475
1
2 -711674580
2 -534932040
1
2 833510714
1
2 -404611775
1
2 897057995
1
2 26052492
2 -266444654
2 -362676517
2 -433907792
1
1
2 996146928
1
1
2 -583201297
1
2 -478970227
1
2 559101996
1
1
1
1
1
1
1
2 340322203
1
2 -915859206
2 -457075196
2 837737932
2 871474770
2 320938746
2 -155687355
2 -327789778
1
2 663576026
1
1
2 -126717533
1
2 -545279858
1
1
2 -98425624
2 -931492386
2 288977342
1
2 753492862
1
2 -680168548
2 -870329285
1
1
2 788860275
2 590076917
2 6842890
2 962890550
1
1
2 -848695744
1
2 -103506146
1
2 -927681532
1
2 -947825113
2 576244833
1
2 -343003111
1
1
2 853884110
2 -593314931
1
2 -708620334
2 -376547174
2 313042384
1
1
1
1
2 944898409
2 -901247609
2 -467661779
1
2 -875977129
1
2 -312905594
1
1
2 990660573
2 -371096455
1
1
1
1
1
2 725667112
2 -7358617
2 -730514152
1
2 134431298
2 681444156
1
2 217684184
1
2 182523947
2 -850097592
1
1
1
1
2 448919016
2 -83513909
1
1
2 295640385
1
1
2 661850912
1
2 -513966128
2 661255880
1
2 -414038618
1
1
2 484095750
2 -299203026
1
2 436248918
1
1
2 198902927
1
1
2 105991593
1
1
2 -532472917
2 -134231056
1
2 -163371634
1
2 721114421
2 22850153
2 -27292890
2 -813424003
2 339864742
1
1
2 182139023
1
2 706031630
1
1
1
1
1
1
1
1
2 -426192362
1
2 444269354
1
2 -788865909
1
1
1
2 183853085
1
1
2 162545282
1
1
2 845326314
1
2 83633479
2 879638287
2 320281952
2 610391298
2 66793928
1
1
1
2 553257680
1
2 232019009
2 -171262088
2 873411307
2 -625235747
2 326566390
1
1
2 269808296
2 71336133
1
1
1
1
2 -456335298
1
2 -605911527
2 -490134550
1
2 148748229
1
2 -451970054
2 -291427833
2 921055761
1
1
2 -455128404
1
1
2 72706986
2 -478151858
2 -91734418
1
1
1
2 -428006133
2 -161582109
1
1
1
1
1
1
2 -133450264
2 -159320197
1
1
2 -111246879
2 690894680
1
1
2 -901985283
1
2 -525767713
2 -993239067
1
1
2 -545911965
2 -324796735
2 -843498148
1
2 150716863
1
1
1
2 680206274
2 -311522397
1
2 381347689
1
1
2 -525599754
2 -200343416
2 27318528
2 -95138255
1
2 132294187
2 736567553
2 -775131175
2 243778627
2 -85504273
1
1
2 845075168
1
2 732209654
2 -287521575
1
1
1
1
1
2 356999036
2 -188998129
2 353057124
2 327858302
1
1
2 -213889881
1
1
1
2 -1939860
1
1
1
2 -565968237
1
2 44731541
1
2 -878445264
2 -576679490
2 508765458
1
1
2 -538720751
2 -179870476
1
1
1
1
2 -550387672
1
2 -416477817
2 79431195
1
2 -575036533
1
1
2 -649640783
1
2 -68077858
2 196345706
2 956088582
1
1
2 -283557097
2 334072030
2 -984610196
1
1
2 494860999
2 534034475
1
1
1
2 265993380
2 -843737114
1
1
1
2 -500759419
1
2 511638200
1
2 457645333
2 -209661663
1
2 -681656583
1
2 759687314
2 -178929404
2 -201145703
2 170975306
1
1
2 407900201
1
1
1
2 977654520
1
2 264079615
2 801681979
1
1
2 -237512597
2 373683985
1
1
1
2 -983560509
1
2 620887822
1
2 -827384475
1
2 697588840
2 -351644764
2 -949055780
2 195456703
2 -777460722
1
2 386249123
1
1
1
1
1
2 562057990
1
2 83863508
1
2 -777644776
2 -945289042
2 -53744533
1
2 -319855851
2 74199437
2 -459700223
2 188737597
1
2 488451479
2 397460758
2 -763199697
2 974906301
1
2 889000540
2 933182084
2 797123410
1
2 -890591981
2 -730824544
2 -496874386
1
2 940591864
1
1
2 -469036286
1
2 -558271044
1
2 -386227971
2 -964855193
2 574906003
2 -512580946
1
1
1
2 63527782
1
1
1
1
2 -897432239
2 -3938607
2 411380681
2 -880819537
2 -204277638
2 359589563
2 303334040
1
1
1
2 837791671
1
2 -654113081
1
1
2 -600958585
2 -63264506
2 182528607
1
2 567640242
1
2 -916703123
1
2 499629851
1
2 -173215787
2 203597341
1
2 -596182565
2 965447978
2 -287945265
2 603246026
2 425086291
1
1
1
2 199938197
2 713688753
1
1
2 -24864707
1
2 730882047
1
2 335646456
2 983128712
2 -827796188
1
2 -694259042
1
1
2 414363104
1
2 259265012
1
1
1
1
2 125018276
1
1
1
2 -347295993
1
2 -716240275
1
1
1
1
1
1
1
1
1
1
1
1
1
2 322059833
2 -735432680
2 301469608
2 -724138444
1
2 -561617763
1
1
1
2 -540256863
1
1
1
2 -450534513
2 579271938
2 -991222301
2 510661617
2 -825575941
2 -690781219
2 -265059436
1
1
2 371842382
1
1
1
1
2 -357150413
1
2 -715355014
1
2 219122614
2 682969582
1
1
2 -422497677
1
2 650072100
2 -259976712
2 781755751
2 -455146294
1
2 -597600262
2 -720707220
2 -565893927
2 324174997
1
2 371601431
2 -838706780
2 -853955814
1
1
1
1
2 816607946
2 -75244880
1
1
2 -910678909
1
1
2 825339804
2 -401191492
2 -646531200
2 -993701226
2 780441806
2 790102807
1
1
2 493707187
1
2 385304527
2 -698161791
1
2 415373856
2 831275158
1
1
1
1
2 553254810
2 415711205
1
2 693257227
1
1
2 969147823
2 823406227
1
1
1
2 -143024170
2 883281388
1
2 -347136964
2 -556758699
1
1
1
1
2 212083394
1
1
1
1
2 991771291
2 -153772255
2 132948941
2 994979319
2 249746723
1
2 82081356
2 803418604
2 -536227461
2 -463683181
1
1
2 596739976
1
1
1
2 476963069
1
1
1
1
2 131432756
1
1
1
1
2 -369396401
2 -600907040
1
2 560281704
1
2 -392199703
1
1
1
2 -302889906
2 655839748
2 891876495
2 -360552023
1
1
1
2 13237558
2 556356271
2 -207902116
2 -540316055
1
2 959296453
1
1
2 -539230639
2 -60254720
1
2 449815822
2 -334915978
1
2 -532035326
2 -293772490
1
2 -221093074
1
1
2 -954091661
1
1
2 -982200867
1
2 829323414
1
1
1
2 16845480
1
1
2 241420341
1
2 -196558387
2 -885967896
1
1
1
2 -560290819
1
2 438483846
1
1
2 101428720
1
2 -249298659
2 -17387051
1
2 278381783
1
2 341515474
2 779531527
2 -692164220
1
2 -98110558
1
1
1
2 18018459
1
2 -324397552
1
2 -118498035
1
2 538094094
2 490802451
1
1
1
2 -344275889
2 291921924
1
1
2 -998591634
1
2 354088245
1
2 758771291
1
2 -663834763
1
2 929712361
2 339371610
1
1
2 -353967142
1
2 -415087046
2 577740385
2 -462383685
1
2 -652591773
1
2 231466222
2 -125539226
2 -279035167
2 95419381
1
2 571706044
2 357728222
2 -913706971
2 -977958074
1
2 -883140928
1
2 100785644
1
2 653750344
2 688556915
2 748212215
2 706210691
1
2 90372618
2 -70162748
2 -159719817
1
1
2 670113903
2 31405787
2 -582255658
2 -788482743
1
2 -163164355
1
2 125436816
1
2 -293106090
1
1
1
2 63092308
2 -343671745
1
2 -358001987
2 153642809
1
1
1
1
1
2 -863779575
2 917923815
1
1
2 -135674408
2 590940545
2 -547295945
1
1
1
1
1
1
1
1
1
1
1
1
1
1
2 519171144
1
2 -389285110
2 99996997
1
2 53039119
1
2 -437717753
2 41676082
1
1
1
2 -856345343
1
2 715831488
1
2 -594419004
1
2 660455669
2 195295449
2 -588829367
1
1
1
2 280582663
1
2 120705152
2 -227404306
2 -998671436
1
2 -691239227
1
2 171542989
1
2 791493620
1
2 608193517
1
1
2 -242803135
2 -685635357
2 520617555
1
2 494837360
2 -344473666
2 -2752333
2 703523858
2 971442124
2 525218617
1
2 -711481465
2 779862411
1
1
1
2 290123754
2 -768697861
2 267402668
2 -980154395
2 983211070
1
2 -307332019
2 62036363
1
2 -830306299
1
1
1
2 388410666
2 -236867008
1
2 109851128
1
2 458437320
2 -433667339
1
2 -61350156
1
2 790669313
1
1
1
2 -504501858
1
1
1
1
2 -380808642
2 -969938461
2 984452618
1
1
2 -45991780
1
2 -931054912
2 47561832
1
2 94506345
1
1
2 348816549
2 414679836
1
2 77466566
2 -196711255
2 88554304
2 215836439
1
2 466292904
1
1
2 -673847219
2 -644037085
1
2 -395765648
1
2 -879825353
1
2 81776393
2 957613612
2 790741019
2 303533837
1
2 -331786494
2 17375606
1
1
2 63228091
2 -339544087
1
2 -58362498
2 478696426
1
1
2 -635471461
1
1
1
1
2 83208870
2 -663695194
2 -975002818
2 -693672342
1
2 -446185258
1
1
1
2 -692926234
2 896853266
2 -337785218
1
1
1
1
2 608976158
1
1
2 338273804
1
2 -934545188
1
2 -738325789
2 977703912
1
2 -888823123
2 549644627
2 -358120806
1
1
2 -178359123
2 646365056
2 850890095
1
1
1
2 157860543
1
2 -80695118
1
2 -834507722
2 219131936
2 171853878
1
2 -316165964
2 561028140
1
2 -774670234
1
1
1
1
1
1
2 680129206
2 974572648
1
1
1
2 -3098920
1
2 979262436
1
1
1
2 -13569201
1
1
1
1
2 819709884
1
1
2 620473528
1
1
1
2 64154356
2 543096360
2 -434618881
2 799337947
2 121597996
1
1
2 -865315353
2 500174835
1
1
1
2 -484095781
1
1
1
2 -244506578
2 792493087
2 597532595
1
1
2 604607008
2 483571350
2 635108637
1
1
2 552564807
2 -780811073
1
2 653515110
2 680469050
1
1
1
2 258953617
1
2 -915685168
2 119704777
2 338460830
1
1
1
2 970250833
2 405806861
1
1
2 218749487
2 -478796667
2 353663337
1
1
2 -223684340
2 -740424304
2 -213412761
1
1
1
1
2 -955777421
1
2 -219889635
2 298745737
1
1
2 191915227
2 -437433013
1
1
1
2 874789457
1
1
1
2 859322911
1
1
2 -314741256
1
1
2 557492702
1
2 -661024162
1
2 666306872
2 161838222
1
1
2 -633993881
1
2 266883227
2 -83478764
2 996474789
2 217385492
1
2 800657589
2 473541238
2 814130306
2 -174766133
1
2 -915290155
1
1
2 -456779745
2 -892487940
1
2 815540904
1
1
2 771041170
2 990177750
2 396532036
1
2 -369402045
2 861031047
1
2 -564711382
1
2 565807036
2 -739924098
2 -826868913
1
1
2 174141232
2 352250004
1
1
2 164884287
1
1
1
1
2 -557538241
1
1
2 166125744
2 588963667
2 22384982
1
2 258644477
1
1
1
1
1
1
2 831153890
2 -243392142
2 -905604849
1
1
1
1
1
2 -837312007
1
2 -582988385
2 537689159
1
2 -430286501
1
2 915960887
2 -32880601
1
2 707975145
2 661927797
1
2 268484453
1
2 504263986
2 799764714
1
2 -716923874
1
1
1
2 -421334989
2 300990170
2 -757231564
2 75771092
1
1
1
2 633360990
2 119056247
1
2 -704891317
2 -956478404
2 -215198968
2 526393276
1
2 613503669
2 -185437454
1
2 912902929
1
2 366117823
2 -782805108
1
1
1
2 -567553489
2 -593282503
2 101557558
1
2 -676538809
2 246850947
2 -842883835
1
1
2 -494758938
1
1
1
2 636444661
2 -933464508
1
2 -875337583
2 990324639
1
2 -75570224
1
2 -555409271
1
2 -526573043
2 69111339
2 -823236797
1
1
2 -984084933
2 -472730698
1
1
1
1
1
1
2 -41969203
2 793253083
2 -95174573
1
2 270176300
1
2 969538393
2 907379188
2 -611336284
1
1
2 164153660
1
1
1
2 465490796
1
1
2 629428185
1
1
1
1
1
2 507961574
2 372777786
1
1
2 181037202
2 438372027
1
1
1
1
1
2 -71664917
1
2 -83311081
1
2 224811831
1
2 711037781
1
2 548831704
2 -980920346
1
2 -439724817
2 -988267540
2 -25251005
2 710331880
2 851806479
2 350103165
2 753262493
1
2 -994081565
2 -837632109
2 826691415
2 -676338486
1
2 -120683357
1
1
2 477306234
1
1
2 -253034958
2 736248079
1
2 898279706
2 -594645229
2 883917614
2 -100411442
2 971401767
2 667761514
1
1
2 -265623972
1
2 -82971734
1
1
1
1
1
2 -128750414
1
1
2 805078875
2 93075995
1
1
1
1
1
1
2 754959985
2 22930299
1
2 951652982
2 931825826
1
2 -580830208
2 708897270
1
2 465513604
2 -213244842
1
2 547259654
1
1
1
1
1
1
2 486229759
1
1
2 97298894
1
2 -601503743
1
2 353780215
1
2 620775131
2 -778350966
2 759560441
1
2 732444394
1
2 482858261
2 -417811322
1
1
1
2 383309497
1
2 -113303544
1
1
2 -91341452
1
1
1
2 -568506628
1
2 -680728645
1
2 -494652469
1
2 488912050
1
2 965978038
2 -483334927
2 478447409
2 462713904
1
1
2 456584425
1
2 -358950233
2 -833901963
1
1
2 273648418
2 -859582471
2 -966406318
2 -764383009
1
2 729873554
2 -821361184
2 -467869307
2 -135351417
2 -597018853
1
2 733978631
1
1
1
2 60110112
1
2 -685086666
2 -693410949
1
2 416944822
1
2 -874925649
2 -303815789
2 660625378
2 499219086
2 503101057
1
2 -321905303
2 262350892
2 885218551
1
2 -34739504
1
1
1
2 341954040
1
2 714306468
2 -740025119
1
1
2 865632597
1
2 109076769
2 -741551696
1
2 -360734893
1
2 -30090960
1
1
1
2 -862410273
2 768648156
2 -53141008
2 397193983
2 981294315
1
2 -694604104
1
1
1
2 104374622
1
2 -361479312
2 -318991740
1
2 340711456
1
2 19391911
2 -948312148
1
2 308186281
1
2 754398843
1
1
2 -346877588
2 797804642
2 475286673
1
1
2 -632171827
1
2 -794302593
1
1
1
2 -410911682
2 -676695589
1
2 -856734074
1
1
1
1
1
2 486082859
1
2 -970378044
1
1
2 941412294
2 153503877
1
1
1
1
2 996011538
1
2 374190439
2 952160274
2 -346690466
1
2 -566016929
1
1
2 672893762
2 -145774812
2 872388710
1
1
2 828538098
2 726227377
1
1
2 -356244836
2 -77431090
1
2 -534444057
1
2 -146119912
2 202084748
2 990801798
1
1
2 -276486340
1
1
2 -608577650
1
1
1
1
1
1
1
1
1
2 -90657133
2 23868818
2 -615525595
2 -312872236
2 387625616
2 -682422672
2 100305012
2 -198738215
1
1
2 -521572853
1
2 -922368477
2 -521399009
1
1
2 700765701
2 -338949726
2 228762774
2 260795461
1
1
1
2 641211662
1
2 -918214942
1
2 670673885
1
1
1
2 -327600119
2 -366401850
2 864537881
1
2 262604995
1
2 -462484137
1
2 51362660
2 501245520
1
2 -266120872
2 361674398
1
1
2 -878236944
1
1
2 630401449
2 -977064305
1
2 -538202906
1
2 221728663
2 897449965
2 -653479887
2 -302697656
1
1
1
2 367708095
2 110880225
1
2 785780156
2 327150628
1
2 294471239
1
1
1
1
2 -793794050
1
1
1
1
2 610395437
2 649349063
1
2 416848466
1
1
2 -95727489
2 -793576049
1
2 36332494
1
2 -999566606
1
2 -282103428
1
1
2 -270639560
1
1
1
2 941663528
2 -720709029
2 -518896565
1
2 895812373
2 -290189699
2 -391177552
1
2 -185733403
1
2 220498938
2 -577572898
2 -984250094
1
1
1
1
2 594787992
2 -154539853
2 488615493
1
1
2 225926119
1
1
1
1
1
1
2 491298943
1
1
2 -12268930
2 896636501
2 -770483112
1
2 -991955290
2 -747360319
2 344965622
1
1
1
1
1
2 999756824
1
2 292930548
2 940215457
2 221497952
1
2 -595252399
2 136949935
1
1
2 690393146
1
2 43246389
1
2 487707008
1
2 -795643119
2 571147151
2 993231184
2 645855872
2 928000357
1
1
2 17018308
1
1
2 -555153161
1
1
2 260098924
2 -581288050
1
1
1
1
1
1
2 -147854766
1
1
1
2 -975805202
1
2 -150338894
1
2 370035274
2 -834205912
2 790118539
2 331610763
2 -127815126
1
2 950710732
2 -441444518
2 880689617
1
1
1
2 3176978
1
2 -465428621
1
2 -881184198
2 -784122712
2 -933110634
1
1
2 633442055
1
2 -57443551
1
2 -627913416
2 -900382212
1
1
2 270802671
1
2 -222449804
1
1
2 953749878
2 360218573
2 -789886603
1
1
1
2 95208742
1
1
1
2 -891424197
1
1
2 -692651601
2 -132158941
2 -681955318
2 205984343
2 -741521047
2 -591639322
1
1
2 -906650996
2 -653209728
2 638056472
1
1
2 -5292242
1
1
1
2 271653529
2 -18311536
1
1
2 -335285926
2 230312568
2 -71168041
2 -93561375
1
1
2 705585352
2 843625971
1
2 -248181236
2 335621617
1
2 -48629845
1
2 25534250
2 -778354039
2 -212540503
1
2 802731534
2 701910703
2 940866880
2 206342294
2 683353372
1
1
2 183726113
2 -399755866
2 -40581719
2 954700924
1
1
2 283783103
1
2 842703504
2 945998599
2 473333866
1
2 119313216
1
1
2 523163225
1
2 224711341
2 -850570049
1
1
2 -534278785
2 -905971455
2 579679493
1
2 -887284438
1
1
2 -852437668
1
1
1
2 869706069
1
1
1
2 808506666
2 -525206167
1
2 504270966
2 580332182
1
2 444708412
1
1
1
1
2 270750100
2 -470733426
1
2 650195953
1
2 -561631422
1
1
2 -516703118
1
1
1
1
1
2 852890935
1
1
1
2 -858200884
2 535967088
2 -190521835
1
2 -671601578
1
1
1
2 -568632541
1
1
1
2 -76759992
2 -2106031
1
1
1
2 -354047468
2 -672993567
2 -997841810
2 -698454774
2 632673346
2 150938949
1
1
1
1
1
2 -608754446
2 300136338
2 -200782344
2 424852390
2 678489495
1
2 -946903186
1
1
2 -645926772
1
1
2 855365035
2 -401794814
1
1
1
2 363128866
1
2 -642854738
1
2 383687231
2 581357217
1
2 -369513681
2 353920712
1
2 841914635
1
1
2 854440955
2 -326892982
2 -981000742
1
1
1
1
2 864030673
2 -697942134
1
2 -90324779
1
1
1
2 322650765
1
2 967528979
2 -169817665
2 91931764
1
2 657333839
1
2 -980682116
1
1
1
2 484030314
1
1
2 561587929
1
1
1
1
2 -118000949
1
2 905876714
1
2 834440888
2 805932389
1
2 380397926
1
1
2 -876951522
1
2 -850267521
1
2 -643260979
2 -540406825
1
1
2 -728024423
2 -801226076
2 -333230993
1
1
2 -10163008
2 887513139
1
1
2 300358040
1
2 -978967365
2 -324780281
1
2 321844958
2 95711702
1
2 -312366062
1
2 94613361
2 -860967467
2 77163024
1
1
1
2 -283610992
1
1
2 450942273
2 30469405
2 -620027993
2 -511128750
2 -920680588
2 311930017
2 -688473798
1
1
2 429068600
1
1
1
2 -254313159
1
2 464439480
1
2 71355618
1
2 687133115
1
2 371909651
1
2 -628335812
2 -511586928
1
2 -396904366
1
1
1
2 -375415026
2 182673005
1
1
2 -839319619
2 -213234600
1
2 420884531
2 -930440533
1
2 705576740
1
1
2 520278951
1
2 681598101
2 -583181650
1
2 -813549184
1
2 -883996634
1
2 482622066
2 -339560809
1
1
1
1
2 462657598
2 -122364167
2 -650132131
1
2 906269538
1
2 961075753
2 636097804
2 715543129
1
2 -911303426
2 584893622
1
2 -731396685
2 747882184
2 886313519
1
2 -613203304
2 -449310388
1
2 -330766989
2 -892973372
1
2 -664697535
2 -832848395
1
2 -955376283
1
2 719178641
1
2 402892634
2 -500047380
1
1
2 -733232472
1
1
2 -597525704
1
1
1
2 421239729
1
1
1
2 -150294610
2 -656900808
1
1
1
1
1
1
2 -862768278
2 -833331705
1
2 229831121
2 901339829
1
2 358852457
2 -845515922
1
1
2 -236761978
2 293010289
2 -124262533
2 -254005297
1
2 -112617726
1
1
2 818392411
2 657343567
2 257377426
1
2 616356745
1
1
2 64821188
2 606085499
2 369964182
1
1
2 -453321336
2 -829246768
1
1
2 726615013
2 -644983043
2 -301852432
1
2 793079187
1
2 288435564
1
2 -307984625
2 -749252854
1
1
2 580451897
2 588320787
1
1
1
1
2 -118508447
2 -233126702
2 969603034
2 674807340
1
1
2 533366750
1
1
2 -802707785
1
1
1
2 955987569
1
1
1
1
1
2 -314065554
1
1
1
1
1
2 -254045687
2 868973242
2 -177161722
1
1
2 -538389158
2 -259134998
2 -452136365
1
2 149691563
2 291895749
1
2 282618829
2 638743476
1
2 -906594853
1
2 544641353
2 750785112
1
1
1
1
1
2 505036712
2 -158355150
1
1
1
2 876895598
2 980985831
2 709500386
2 922991756
1
1
2 164492308
2 405107646
2 706622153
1
1
1
2 726667919
2 169699264
1
2 -384232016
1
2 -779000548
1
2 -777928489
1
1
1
1
1
2 537223434
1
2 990323737
1
2 631035376
2 859269037
2 991025075
2 -61962478
2 -170355399
1
2 456372712
1
1
1
1
2 705352007
2 -469768137
1
2 -604571202
2 -746527682
2 246658811
2 37146482
1
1
2 -396297860
1
1
1
1
2 418710748
2 -152620846
2 903094527
2 837268009
1
2 -2570969
2 -596968876
1
1
2 -728379280
2 -884633634
1
2 -719115065
2 741853703
2 -217714413
1
2 -203422350
1
2 817091570
1
2 -81412019
2 -786304907
1
1
2 -498280252
1
1
1
2 -91545709
1
2 911884680
2 -750366010
2 -424802233
2 -484579790
2 105085265
1
2 218547170
1
1
2 -296871199
1
2 -720213026
1
1
2 487796241
2 -651484358
2 617301689
1
2 -185990926
2 780103679
2 327279047
1
2 75546741
1
2 -856680154
1
2 937259944
2 -363741255
1
1
1
2 -525523740
2 65626887
1
2 101988099
1
1
1
2 631796464
1
2 -665582540
2 407003569
1
1
1
1
1
2 -219996024
1
1
1
1
2 -876989390
1
1
2 210412968
1
2 778799419
1
1
1
2 -77642491
1
1
2 -832234189
1
1
2 999196973
1
2 -554839921
2 -952697718
1
1
2 683016184
1
2 353824803
1
2 971185117
2 443482436
1
2 161020250
1
1
2 811889155
2 120839853
2 -996944763
1
1
2 -548574696
1
1
2 758277842
2 -577133722
2 -655402889
1
2 991147956
2 -936007478
1
1
1
2 -277009733
1
2 419948530
2 919928912
1
1
2 -226602250
2 -599689691
2 90646410
1
2 -131971886
2 -983768095
1
1
1
1
1
2 -59465674
1
2 319362791
1
2 109200326
1
2 470059388
1
2 -186641597
1
2 -878549290
2 795820167
2 -169834908
1
1
1
2 -815544327
2 -533464837
1
2 632500786
1
2 427753515
2 682602117
1
2 -192423338
2 -169137665
2 -721573741
1
2 -595343211
1
1
2 616459975
2 907092941
1
1
1
1
2 -254784268
1
2 868533488
2 -191656079
1
2 963414212
1
2 413780224
1
1
2 419129452
2 -205079824
2 -598729277
1
1
2 99330596
2 228456466
2 -984762060
1
1
2 -242509001
2 353200766
2 390410720
2 -481502929
1
1
2 -623477076
1
2 139741495
1
1
1
1
2 -636089976
2 818839227
2 479377741
2 -672034557
1
2 537303049
2 -646241117
2 -976473376
1
1
1
2 -65408303
2 -701622714
2 704402104
1
2 666171848
1
2 848199463
2 -339998169
2 484982858
1
2 -843326635
2 -141333652
2 -655675735
2 -469604728
1
2 -821435322
1
2 5949193
2 -263133291
1
1
2 -733944471
2 200162039
1
1
1
2 36426371
1
2 -814594794
1
2 -605993080
1
2 -690181000
2 -819962541
2 -962439063
2 960278273
2 251891494
1
2 905437279
1
2 -620909519
1
1
1
2 -175982763
2 -79788076
1
2 710977546
1
1
1
2 197352153
2 879145388
1
2 -81529274
1
1
2 31772513
2 -951921505
1
1
2 135291132
1
1
2 625038785
2 577131911
2 669514540
2 475948973
1
1
1
2 -537777958
2 -872996867
2 -25739534
2 -571384354
1
2 -914191391
1
1
1
1
1
1
1
1
2 546123617
1
1
2 17514255
2 700826327
2 294236159
1
1
1
1
2 998147273
2 504691043
1
2 -610011800
2 -384879897
1
1
1
2 -696875043
1
1
1
1
1
2 -416915845
2 -127288724
1
1
1
2 155185716
1
2 270149218
2 446700361
1
1
1
2 177051818
1
2 144518549
2 -929498887
2 678889829
1
1
2 658424998
2 430797567
2 -32076684
2 -990778716
2 654605875
1
1
1
1
2 834167534
2 -896324479
2 -183938875
1
1
1
2 233524877
1
1
2 26088646
2 -225399153
1
2 125279882
2 -274186202
2 -697551959
1
2 -568120605
2 -881366511
2 -430446294
2 -847118195
2 -634482006
1
2 821476474
2 -532406284
2 902287811
1
2 360602681
2 -36948706
1
2 -328669911
1
2 939924807
2 482409633
1
1
1
2 599073033
2 265381132
1
2 197308023
1
1
1
2 892567494
2 889903012
2 -892113785
1
2 -468273967
1
1
2 837633620
2 -108814307
1
2 -557560210
1
2 751446773
1
2 -793187801
1
2 723284796
2 275771997
2 -812456023
2 -575905361
1
1
2 -448358455
2 584140889
2 -583991578
1
1
1
1
1
2 944878790
1
2 -865481979
1
1
2 -29144889
2 177884451
2 714831326
1
1
2 966191535
2 -439921178
1
1
2 -561641892
2 57443764
2 106380754
2 857479929
2 558375479
1
2 907282192
1
1
2 166364918
2 -667361639
1
1
2 -485503373
1
1
2 -478468729
2 857374989
2 -187164852
1
2 -162645259
2 523465945
2 -236133187
1
1
2 -518969809
2 858589246
2 -695078793
2 -133272344
1
2 910136744
1
1
1
2 -65264710
2 304812172
1
2 354832392
1
2 781351428
2 953685790
1
1
1
1
2 92989354
2 974789371
1
1
2 649294775
2 28702795
1
1
2 423685559
1
2 538652341
1
1
1
1
2 -768495877
2 -715440911
1
1
1
2 -738944777
2 662880722
1
2 -760676709
1
2 -488943601
1
1
2 793851021
2 -477597351
2 394210667
1
2 -839657863
1
1
2 -658403546
1
1
2 940841198
2 968871214
1
2 -348558276
1
2 -996376166
2 265273437
2 941684021
2 102830857
1
2 -15472954
2 -162845990
2 -718936016
1
2 -991284372
1
2 -512141747
2 450042578
1
2 -758201013
1
1
2 915015742
2 -612367444
2 357625468
2 -874353144
2 -339277351
1
1
1
1
1
1
2 903858282
2 995629698
2 18504004
1
2 -77662263
1
1
1
2 -599730842
2 -735630088
2 955280115
2 -368125403
2 216981494
2 421192804
1
1
2 681511784
1
2 751436631
1
1
1
2 556679259
2 903944258
2 614872795
1
2 -18755232
2 554982872
1
2 -521048493
1
1
1
2 -985000314
1
2 -782462696
2 754542878
2 357927543
1
1
2 -208374543
2 213638048
1
2 -305423082
2 -140742868
2 -147931450
1
2 -225840325
1
1
2 -423432330
2 617383408
2 265008650
1
2 -693494077
1
1
2 -522618640
1
2 552262723
2 185043975
1
2 428321020
1
1
1
1
1
2 167867027
2 -643169750
1
1
2 -500340476
2 -336176132
1
1
2 185982243
2 305160487
2 -884916169
2 922038045
1
1
2 -220016525
2 -254029192
1
2 -501818451
1
2 785927112
1
1
2 -632297153
2 435647447
2 541135836
1
1
2 785357060
1
2 -697257927
2 320213147
2 -918247138
1
2 130003153
1
2 151948426
1
2 -324092956
1
2 -816492646
1
1
1
1
2 -932188772
1
2 -543079028
1
2 -55064832
2 940639966
2 -229279649
1
2 -297371659
1
2 -250811464
1
1
1
2 673085514
2 -824117698
1
2 753764609
2 -872296793
1
2 789426745
1
2 -471523553
2 -814240486
1
1
2 259126603
1
1
1
2 -863816785
1
2 280798247
1
2 -468688720
2 -2014859
2 374402883
1
1
1
2 869432990
2 -223572062
1
1
1
2 -968018055
2 930901905
1
1
2 852629086
1
2 -422669120
2 -223603310
1
1
2 207549020
2 -329922862
1
2 578912630
1
2 -963748420
2 71905324
1
2 653440442
1
1
1
2 749757375
1
1
1
2 -860623927
1
1
1
2 97281746
1
1
1
2 -775890957
2 619762776
2 -240900754
1
1
2 672844586
1
2 -234510294
2 760286797
1
1
2 357741770
1
2 548902444
2 -943264681
2 -372721522
2 -591044708
1
2 929711623
2 -585939754
1
1
1
1
1
2 -628311694
1
2 761456485
1
1
2 -141753432
1
2 502427734
2 -570153406
1
1
1
1
1
1
1
1
1
2 981775740
1
2 -434670539
2 -575083741
2 35977041
2 163984550
2 136301520
1
1
1
1
1
1
2 989908081
2 956438649
2 -569460819
2 146498137
2 554843688
1
1
1
2 926382261
2 390264284
1
1
1
1
2 750404725
1
1
1
1
1
1
2 -442680149
2 100953885
2 -100062957
1
1
2 -917856561
1
1
1
2 161007139
2 308693323
1
2 370534820
1
1
2 -164072666
2 -757140734
1
2 -21426885
2 -460308444
1
2 14431630
1
1
1
1
2 245220552
1
2 -268067731
2 254718212
2 67445003
2 -110565100
2 -812848994
1
1
1
2 -160725516
2 584858572
2 866040834
2 426045047
1
2 -980816536
1
2 339748886
2 714100954
1
2 621308289
2 -559630798
2 -579226857
1
1
1
1
2 -391017205
2 -74971564
1
2 -704670217
2 -334904643
1
2 -635395643
1
2 -952658711
1
1
1
1
1
2 -307380417
2 232005014
2 408469569
2 582154055
1
1
2 144680435
2 831639338
1
1
2 988785322
2 868691011
2 -668475737
2 165794021
1
2 932298732
1
1
1
2 -556836036
2 -364175081
2 660363082
2 -550207602
1
1
2 267668696
1
2 461787323
2 -815073436
1
1
1
2 435782599
2 -734762717
2 894795852
2 -321172154
2 308113232
1
1
2 -151154031
1
1
1
1
2 -67436326
1
1
1
1
1
1
1
1
2 747817432
2 691693077
1
2 206415321
1
1
2 -372744799
1
1
2 268278361
2 261009323
1
2 -367686604
1
2 -339592170
1
1
2 16012515
2 -983283779
1
1
2 69277829
1
2 899807901
2 -581261583
1
1
2 169558071
2 -695265343
2 -559350900
2 552091056
2 -106221146
1
1
1
1
2 423296510
1
1
2 -870735013
2 -175211557
1
2 352403445
2 -564427356
1
2 -78391406
2 932643955
2 585709487
1
1
1
2 -212997447
1
2 -793108650
2 -700097355
2 -920897301
1
2 -873037093
2 749320997
2 -89714418
1
2 589652118
1
1
1
1
1
1
2 -111294431
2 -353656597
2 812781490
2 -348756268
2 -248184690
2 186889200
2 -889944453
1
1
2 212659018
1
2 401575153
1
1
1
2 -793048681
1
2 931340422
1
1
1
1
2 -3537785
1
2 -273041410
1
1
2 -963401635
1
2 627828720
1
2 220874801
1
2 -517681866
2 -419336263
2 -353440062
1
1
2 666165101
2 -983956803
2 595969624
2 661526019
2 -632605441
1
2 294370099
2 -989365183
2 453712301
1
2 -784178188
1
2 -406708091
2 -86675697
1
1
2 939463702
2 356228093
1
2 -253181671
2 393638913
1
1
2 -247265430
1
1
2 -661922898
2 950259313
2 214866337
2 926596207
1
2 -593187104
1
2 682248913
1
1
1
1
1
2 -297973613
2 274899661
2 -702575586
2 745784845
2 -986461118
1
2 147849892
1
2 -872115740
2 562826135
2 -626084522
1
2 584842136
1
2 -299090018
2 -722137395
1
1
2 973177296
1
1
2 595097666
1
1
2 -495761315
1
2 523548851
2 840584284
2 -312163338
1
1
1
1
2 -76776793
2 -564448532
1
1
1
2 907489596
2 -638369808
2 -115896308
2 420463216
1
2 235364990
2 -388585364
1
2 56958177
2 817357603
2 -332026175
2 -476961172
2 817306744
2 -832884809
1
2 -322098677
2 -136258573
2 533653822
1
2 326817248
2 86177019
2 -405768723
2 212038561
2 912100742
2 372682577
2 -647503435
2 -967039559
1
2 -20837598
2 -975610384
1
1
1
2 -934193714
1
1
1
2 8993590
2 -575540631
2 -75152242
1
1
2 -914108311
1
1
2 789025276
2 455787359
2 -18165429
2 -979948604
2 278555839
1
1
1
2 -843036363
1
2 996901898
2 -1510997
2 813592841
1
1
1
1
1
1
1
1
2 -465172032
1
1
1
1
1
1
2 -764850793
2 -956105558
1
1
1
2 -192526116
1
1
2 -430862150
1
1
1
1
2 518090306
2 -937525033
1
1
2 249791186
2 489014004
1
1
1
1
2 619481381
1
2 -983629623
1
1
1
2 611478016
2 131590918
2 -872962672
2 889769265
2 -872443400
2 153901243
2 -788032817
1
1
2 817971372
2 -547163936
1
2 -601304071
2 964397639
2 -564569428
1
1
1
2 -439410261
2 333304234
2 906814011
1
2 -883912060
2 785016520
1
2 46562243
2 -223669350
2 575899683
1
2 -811683786
1
1
1
1
2 137625200
1
2 -196964420
2 18061841
1
2 342013544
2 783400041
2 491247078
1
1
1
1
1
1
1
1
2 -797007457
2 191364772
2 667738692
1
2 -866165757
1
2 -85603587
1
2 687018131
2 680019681
2 -889026651
1
1
1
2 -964378173
1
2 87792183
1
2 882274421
1
1
2 187700343
2 319971425
2 78669049
2 -568051777
1
1
1
2 463119053
1
2 -651932666
1
1
1
2 720349094
2 1009063
1
1
1
2 -704126375
1
2 429042682
1
2 867201394
2 232117179
2 -579249122
1
2 212742443
2 -430126049
2 573192727
2 -730565170
1
1
2 -278962839
1
2 -894992363
1
2 381634670
1
2 880229390
2 -961037868
2 25591691
1
1
2 659645991
1
2 97675973
1
1
2 -55905217
2 784904710
1
1
2 785898071
2 258837994
2 -351000883
2 320352792
1
1
1
2 -647886923
1
1
1
2 -185334328
1
1
2 -206238324
1
2 -732214424
1
2 -497745655
1
1
2 -406120347
2 956832445
2 -569427727
2 584542060
2 -524318972
1
1
1
2 -402651007
1
2 66771796
2 296814863
1
2 -31822158
1
1
1
2 868178835
2 -90865917
2 911487567
2 -617550482
1
2 -611342931
2 308805486
2 -221748906
1
1
2 193851645
1
1
1
2 714195451
1
1
1
1
1
1
1
1
2 411943984
2 -685907318
1
1
2 385779984
2 -352149285
1
2 -666134491
1
2 981626118
1
2 -160343052
2 78817441
1
2 -383764113
1
1
2 857469657
2 -210468201
1
2 575923693
1
1
1
2 -219806805
2 -856013451
2 985040872
1
1
2 -224077948
2 -109746403
1
2 355178823
1
1
1
2 -468251954
2 -987340783
1
2 982322589
2 659336365
2 -940410864
1
2 794203814
2 275558646
1
2 594255052
2 962853229
2 -308250258
2 794183142
1
2 298889902
1
2 436742014
2 -250478929
1
2 771325960
2 -600656002
1
2 923557440
1
2 -780810772
1
2 275502271
1
1
1
1
1
2 250454203
2 -993515313
1
1
1
1
1
2 -137195764
1
2 -401008722
2 -679010120
1
2 728425629
1
1
2 -161370755
2 306460040
2 -322815135
1
2 379444261
1
2 741732062
2 -622518914
1
2 -994680458
2 511280911
2 122352319
1
2 51697905
2 -36717750
1
1
2 389453299
1
2 542372270
2 112917053
2 -582747893
2 1780811
2 97993298
2 -687456546
1
1
2 190826629
1
1
1
1
2 487024905
2 -262030990
2 307356692
2 625821097
1
1
1
2 -885225936
2 237710666
2 117752524
1
1
2 145725366
2 -967251964
1
1
1
2 486704122
1
2 -818248635
2 -749872946
2 233089835
1
2 979222786
1
2 -424371928
2 -547780464
2 85276087
2 432802462
2 -59150101
2 -341626886
1
1
2 637270394
1
1
1
2 137088325
1
1
1
2 944579848
1
1
1
2 7050144
2 -290340520
1
1
2 -902400335
1
2 111566393
1
1
2 497451344
2 27946770
1
2 408208778
2 338258176
2 134979529
1
2 103983702
2 643859539
1
1
1
2 -365809128
1
1
2 -822277387
1
1
1
2 -596267617
2 -488204456
2 -615925297
1
1
2 -555250785
2 409371504
2 -317531147
1
1
1
2 339429730
2 -154467812
2 -231205571
2 -362208930
1
1
1
2 -590722150
1
1
1
2 -403099503
2 407522396
1
1
1
1
1
1
1
1
1
2 969447626
1
2 225045910
1
2 797885540
2 379774969
1
1
2 247162503
2 -443072002
1
2 421735856
1
1
2 520849236
1
2 -447274827
2 -415841805
2 -531995846
2 973338310
1
2 964053281
1
1
2 -584178424
2 907683344
2 -162207632
1
1
1
2 -245555575
1
1
2 166985224
2 -670131862
1
1
2 -958884556
1
1
1
2 22427113
1
1
1
2 -16309921
2 32812833
1
2 -558085642
1
2 -579839958
1
1
1
2 -75352923
2 -840214924
1
2 -861554551
2 -851086212
2 449432950
1
1
1
2 -629659420
1
1
1
1
2 493099317
1
2 -600733377
1
2 860606361
1
2 -65489302
1
2 -690955998
2 -381945501
1
2 760309115
1
1
2 -711470928
1
2 -686744026
1
2 985743541
1
2 -371029876
1
2 -501876148
2 -46044599
1
2 171197420
2 215371985
1
2 -816738722
2 -464010281
1
2 -499678174
2 276952310
1
2 700816812
2 233501145
2 986744670
1
1
1
1
2 235183898
1
1
2 -98925686
1
2 616275053
2 -224711108
1
2 -154562577
2 661875756
2 -350078833
1
1
2 543301122
1
2 -118870910
1
2 174132428
2 -746314265
1
2 905258844
1
2 -932778090
1
1
1
2 162474570
2 530399891
1
1
1
1
1
2 -791087611
1
2 287491059
2 -405930341
2 827524843
2 -195741208
1
1
1
1
2 -312747387
1
2 -899939739
2 -252995480
1
1
2 447911977
1
2 842505864
1
2 783760011
2 765665471
2 283482906
1
2 -11086260
1
2 -834388800
2 51500293
1
2 12634278
1
1
1
2 -563222116
1
1
2 801480679
1
2 144239447
2 739261852
2 746093860
2 74227048
1
1
2 -165047481
2 -571510126
2 -965985374
1
2 374093961
1
1
2 -18625002
1
1
2 515341105
2 81517315
2 594902502
1
1
1
1
1
2 315290775
2 -799205005
2 -383779267
2 69836596
1
2 -551791227
1
2 -991354202
1
1
1
1
2 -886212479
1
2 609893631
2 -689629213
1
2 -279593752
1
2 -974602455
1
2 694334163
1
2 324673704
2 276393850
2 -221634266
2 -151218694
1
1
1
2 -270453029
2 285938634
2 -409463965
1
1
1
2 360494921
2 -987102863
1
1
1
1
2 -525817765
1
2 412736243
1
2 562996109
1
2 -847093900
1
2 736257395
2 -982996320
2 120464904
1
1
1
2 105659336
2 377871961
2 -64161262
1
2 -298714878
1
2 707529784
2 -43861820
1
2 -916068600
2 -129041352
2 -222365680
1
1
2 720408087
2 941071874
1
2 -975625388
1
2 522267087
2 815070374
2 -377346317
1
1
1
1
2 -521746720
1
2 977285182
1
2 -285585763
1
2 -747782901
1
1
1
2 -444086843
2 561557882
2 -422706090
1
1
2 275788846
2 641067039
1
2 -445200829
1
2 241907885
2 267498737
1
2 622427084
2 -741685836
2 80598686
2 -16100498
2 -217083737
2 956438418
2 -319544699
1
1
2 885871165
2 -71416453
2 -52857066
1
1
1
1
2 -229483821
1
1
1
1
2 976365600
2 -576764636
1
1
2 -373832102
1
2 375876139
1
1
2 757368000
2 138928436
1
1
2 -304830402
1
2 764643059
2 671790147
1
1
1
1
2 -443424134
1
2 299666169
1
2 439585548
1
1
1
1
2 -894008033
1
2 25481210
1
2 760622469
2 421974697
1
2 -370598742
1
1
2 292172111
1
2 654142704
1
2 -380685982
1
2 89663512
2 916762082
2 -716029209
2 949603866
2 -36147322
2 -846654419
2 806397411
2 245249495
2 463808735
2 -730356934
1
2 -159774021
1
1
1
2 -496154312
1
2 999996380
1
1
1
2 -499670261
1
1
2 377182696
1
2 -208655960
2 -376431106
1
1
2 418752728
1
1
2 918078213
1
1
1
1
2 299429907
1
2 -101560488
2 -867780294
1
1
2 -160549749
2 -435441416
2 163449401
2 -373994951
2 461037015
1
2 168956746
1
1
1
2 -59314003
1
1
1
2 -90219574
2 456364383
2 -505375917
1
1
1
2 -933020898
1
2 753752000
1
2 994732947
2 -188541242
2 -945879175
2 -221994548
1
1
1
1
2 -500882430
1
2 783565280
1
2 326135198
1
2 -666043842
1
2 -87351869
2 910265543
1
1
2 -911237481
2 224766589
1
2 666364474
1
1
2 -575319337
2 -461218945
1
1
2 -884288474
2 -957467620
2 710681096
1
1
1
2 54933728
1
2 -433367675
1
2 -347789838
2 -80101619
1
2 -863886181
1
2 546551918
2 -66858413
1
1
2 -752056164
2 111079511
2 -419117445
1
1
1
2 26868626
1
2 76123627
2 643608093
1
2 -728440763
2 -319860294
2 356776053
2 -521456317
1
1
2 -52259205
1
1
2 -632869655
2 733971449
2 -701075349
1
2 482744987
2 -259077475
2 -514033201
2 -588444056
1
1
1
1
2 787205221
1
1
2 -912133470
1
2 905940362
2 216907527
1
1
1
1
1
1
2 267595227
2 -586660217
2 -528477888
1
2 -27375302
2 118411109
1
2 -136682233
2 -904745782
1
1
2 -597871548
1
1
1
1
2 602863426
1
2 -57220719
2 -844532048
1
1
2 -539274148
1
2 -98302684
2 -957083498
1
1
2 -115939170
1
2 -270551375
2 412509003
2 589887769
2 -964532239
1
2 -930582128
1
2 682618366
2 689068388
1
1
1
2 820662237
1
1
1
2 -624475302
1
2 244209884
2 -799349129
2 -799146309
2 -587945227
1
2 -261858374
1
2 -970075633
2 -477860876
1
1
1
1
1
2 228164475
2 -677101553
1
2 -387968316
2 -549029081
1
1
1
2 656119644
1
2 45524946
1
2 536149140
1
2 383914829
2 -464139422
2 319722358
2 490174703
1
2 7793930
1
1
1
2 -10636308
1
2 729000356
1
2 -912919151
1
1
2 885709764
2 487857671
2 -394639401
2 926653731
2 -138088020
2 273595314
2 316657177
2 -991803528
2 -250756243
2 -661183557
2 -749933165
1
2 -377963627
2 -679205965
2 98632226
1
2 233661080
2 321964625
1
1
1
1
1
2 -667768028
1
1
2 -348368226
2 -181697283
2 -109614827
2 -349280814
1
2 -71137575
1
1
1
2 -891799805
2 -793596498
2 668460973
2 -127472740
1
2 996001591
2 -723267150
1
1
2 -612910701
2 -496296586
1
1
1
1
1
1
2 -890312997
1
2 -848754124
2 426449768
2 826750777
1
1
1
2 504371720
1
1
1
2 -512529955
1
2 -915718657
2 524968634
1
1
1
2 75577792
2 -181505899
1
2 -99220834
1
1
2 -165045513
1
1
2 -499547054
2 272174223
1
1
1
2 -923529873
1
1
2 -896455031
2 923544049
2 -193157783
2 -217871082
2 -213979246
2 949310816
2 -575130534
1
2 681446115
1
2 530966357
2 503938212
1
1
2 866395583
1
1
2 514818440
2 -548168143
2 410596651
1
1
2 -713139396
1
1
1
2 -204832089
2 896484741
2 347686846
1
2 625500605
1
2 915850164
1
2 956201791
2 488009782
2 -794618049
2 459144846
1
1
1
1
2 525375641
1
1
1
2 -683600796
2 -35179893
2 -855557162
2 -102250228
2 -23918584
2 868081277
2 -308330883
2 394205417
2 736865888
1
1
2 72940253
2 -637810242
2 232933148
1
1
1
1
1
2 -168184017
2 81529236
1
1
1
1
2 116100856
1
2 -303472106
1
1
1
1
2 -139163228
2 450832322
1
1
2 834932611
2 -654335453
2 491459245
1
2 861802001
2 755655340
2 -469897379
1
1
1
1
2 -435560272
2 512129424
1
1
1
2 911849756
1
1
2 615232212
2 894120080
1
1
1
2 -604091579
2 -938577442
2 -851976136
1
2 -600605335
1
2 -603149976
2 971268369
2 440149406
2 -580017871
1
2 -426854006
2 -338748347
1
2 447968345
2 441741423
2 116529000
1
2 55568588
1
2 402513038
2 -372558154
1
2 -255908411
2 -925560829
2 -665572075
1
2 -987228933
2 -250105515
1
1
1
2 -63478377
2 337612082
2 -17638944
1
1
2 960885337
2 90011345
1
2 -772902770
2 -874341740
2 -40587802
2 -88894372
2 -181675661
1
2 -929509786
2 -754681202
2 -485129499
1
1
2 -663002519
1
1
2 -578237501
1
1
1
1
1
1
2 312561499
1
1
2 856769964
2 481642742
1
1
2 -477806189
2 296911601
1
1
1
2 351442513
2 -361847988
2 -797044467
1
1
1
1
1
1
2 -616175741
1
1
1
2 -77120841
2 -416655615
2 -97388871
1
2 509332204
2 -144537849
1
2 513426264
2 259966960
2 741927915
1
1
2 333744982
2 64884145
1
1
1
1
2 487217668
1
2 4067167
1
2 -835612805
1
1
1
1
1
2 248413902
1
1
1
2 -647930960
2 432264991
2 -852848948
2 435808270
1
1
2 756043043
2 -999916130
2 946563834
2 -373456046
2 -645846338
1
1
2 -669301141
1
2 574772700
1
2 321026661
1
1
1
1
2 -30492271
1
1
2 -337779343
2 593139869
1
1
2 -10702073
1
1
1
2 -278670758
2 -885890521
1
1
2 -905034517
1
2 -128014954
2 69424649
1
2 210955275
2 -134766497
1
2 758253162
1
2 -607520916
2 631572640
2 634885710
1
2 -319478085
2 879152868
1
1
2 -278335743
1
1
2 -443815417
1
2 245856068
1
1
2 81354445
2 178105347
1
2 -7866954
1
1
2 84690971
1
1
2 938789623
1
1
1
2 405795687
1
1
1
2 -261234931
2 -956777815
1
1
2 -308335209
2 705790068
1
1
2 -956750974
2 468701943
1
2 -596677932
2 248165673
2 243794299
1
2 931319115
2 145688345
1
1
2 -531426870
2 288314937
2 41479828
1
2 -616607634
2 -627737213
1
2 -922331089
1
1
2 -575916139
1
2 -819854130
1
1
2 -822560443
1
2 810050178
1
2 975597163
1
2 25197120
2 -527992625
1
1
1
2 -441126813
1
2 -807158818
1
2 24521032
2 23727870
2 885859384
2 -168783994
2 972370579
1
1
1
1
1
2 202064226
2 -830221010
1
2 178273291
2 230784450
1
1
2 549769491
2 575666926
1
2 203701384
2 -311405596
1
1
1
1
1
2 588275710
2 -932269165
1
1
1
1
2 -357990326
1
2 -244311853
2 -690031977
2 -525045673
2 747439293
1
2 -421902117
2 363326129
2 -238834955
1
2 -448496433
1
1
2 342457049
2 822626623
1
1
1
2 582972814
2 -952876455
2 785884942
2 5689918
2 -43945903
2 448467531
1
1
2 274968140
1
2 564452332
2 -822673964
1
1
2 -181948131
2 -194151398
2 679651047
2 -880304845
2 -845945113
2 744530591
1
1
2 -609344308
1
2 24804241
2 -409095916
2 766172232
2 338662984
1
1
1
2 751441099
1
1
1
2 979789963
2 436710925
2 -553465325
2 -960451894
2 -348629644
1
1
2 -264638385
2 763987349
2 -337735226
1
1
1
2 -71060142
2 626677040
2 729876096
2 -845833899
2 -488578170
1
1
1
1
1
1
1
2 -582409621
1
2 902711294
1
1
2 -331688655
2 -400279830
1
1
2 516270311
1
2 -514143683
2 -637201106
1
2 802321742
1
2 -597515951
2 148367633
1
1
2 -244764111
2 -511269422
1
1
2 -41651274
2 -429109156
1
2 6698762
1
2 934146306
1
1
1
2 672348211
2 -121695519
1
1
1
1
1
2 438327575
1
2 -413437699
2 897095648
2 985648661
1
1
2 -358914850
1
1
1
2 -976858348
2 -108611015
1
2 -736443089
2 -873787775
2 -972206827
2 -122641473
2 7531262
2 170228943
2 58652140
1
2 -551579822
1
1
1
2 223745925
2 555635354
2 311212349
1
1
2 371007549
1
2 793820507
2 -381455638
1
2 -80988485
1
1
2 -548985787
1
1
1
2 -815076876
2 -272186493
2 -609253595
1
2 -526864416
1
2 10070571
2 -225584849
2 -859290567
1
2 319008302
2 247403601
2 158959807
2 -940112963
1
2 -855518215
2 -999692276
1
1
1
2 -637508703
2 509493106
2 -599548583
1
2 -756713826
2 525543523
1
1
1
1
1
2 545204191
2 -208191784
1
2 -327225330
2 760409607
2 110676006
2 -827609662
1
2 -302093608
2 573277820
2 643972780
2 -290741138
1
1
2 -546806162
1
1
1
2 659159052
1
2 396246655
1
1
1
2 -229520922
2 790069401
1
1
2 -973229961
2 -931686781
1
2 -560534106
1
2 535915420
2 -156087199
1
1
2 -158605674
1
2 130960595
2 -507915944
2 -345855049
2 -222326931
2 162090582
2 857243184
1
1
1
1
2 -240725428
2 288004488
2 -533059148
2 -839352014
1
2 452070971
1
1
1
1
2 -20403220
2 664656326
2 -485962685
2 -58824943
1
2 448356427
1
2 -457593771
2 -689707383
1
2 610233338
2 -873562575
1
2 -326995868
2 -896244061
1
2 -807361601
2 -904488216
1
2 -450087089
2 45415537
1
1
2 1286205
2 617541403
2 -290528510
1
2 -894210541
1
2 -841883486
1
2 -595791668
1
1
1
2 338349570
1
1
2 994723724
2 -80691061
2 105354916
1
1
2 874478441
2 -856263220
2 106721801
1
2 -520347432
1
1
2 459791299
1
1
1
1
2 -92308533
2 -337201242
2 -368178902
1
2 -766187889
2 -353123367
2 21390199
1
2 738913687
1
1
2 -630069549
2 -895184558
2 -141899068
2 489756907
1
2 644513764
2 402060938
2 -578623669
2 36204230
2 -821711275
2 -379789025
2 -520313874
2 -346103900
2 -500760796
2 738096312
1
1
1
2 -949098220
1
2 -820084545
2 818454143
1
2 141741629
1
1
1
1
1
1
2 170589746
2 683359940
1
2 -674434145
1
1
1
2 -632373060
2 -494442860
2 972563925
2 -976668140
2 -727446517
2 -268731815
1
1
1
2 -217320723
1
2 -162715474
1
2 192630945
2 -914149000
1
2 755979113
2 -127145901
2 233646169
1
1
2 -930564003
2 -374826270
1
2 -537778602
1
1
1
1
1
1
2 -406139300
1
2 863153060
1
2 -753110408
2 -515953837
2 -56330875
2 -404057245
2 421024627
1
1
1
1
2 236734108
1
1
1
1
2 -496931985
1
2 290485366
1
2 -965733426
2 -985531163
1
2 767266871
2 -165129466
1
2 363358956
1
1
1
2 621650931
2 367109298
1
1
1
1
1
2 370002722
2 -247598487
2 93923110
1
1
2 850842023
1
2 -456322788
2 -607041505
2 730686131
1
1
1
2 485041314
1
2 233462816
1
1
2 -901882158
1
1
2 765526577
1
1
2 -436122874
1
1
1
1
2 7576643
2 593618
1
2 882401442
2 742361918
1
2 697448664
2 923958647
1
2 753829569
1
2 -549982838
2 473749483
1
2 -757453786
2 297673595
1
2 -697882987
2 637100345
2 -204147760
1
1
2 803621135
1
1
2 175808993
2 -184078277
1
2 886923835
2 909703300
2 931939123
2 -443768539
1
1
2 402707172
1
1
2 -733133694
1
1
2 -972200214
2 -92347984
1
1
1
1
1
1
2 -772880403
2 292357260
1
1
1
1
1
2 92973995
1
2 161021140
2 -819146192
1
2 -581608944
1
1
2 -852314719
2 -240144747
1
2 -32265754
1
1
1
2 454772366
2 807935687
2 -14993122
2 -553317208
2 -807368118
1
2 -298759192
1
2 -214277600
1
2 -792999341
1
2 -659661439
1
1
1
2 566415410
1
1
1
1
2 213807845
1
1
1
2 -679144155
1
2 47517166
1
1
2 938503921
2 441611022
1
2 -28728201
2 -714983717
2 -892305311
1
1
1
1
2 521522917
1
2 609554405
1
1
2 885167687
2 -374782012
1
1
1
1
1
1
1
1
2 815543870
2 794255796
1
1
2 911098532
2 332716014
1
1
2 453377115
2 327710960
2 226195590
1
1
2 367033101
1
1
2 988631684
1
1
1
1
1
1
1
2 131475624
2 -693782015
2 -338005862
1
2 549112118
2 -279232497
1
2 -903382811
2 -926831088
2 183497026
1
1
2 -606572600
1
1
1
2 556355004
1
1
2 811966227
1
1
2 -994436563
2 57609350
1
2 402525685
1
1
1
2 -999589575
2 -211256836
2 -770376591
2 -512501379
1
1
2 93410040
1
2 -794637194
1
2 711856524
2 398401763
2 36627133
1
2 -903726286
1
2 174152987
1
2 758660426
1
2 -306458172
2 248097275
2 111503395
2 -5587850
1
1
2 -129020197
1
1
1
2 -127519926
2 -679369311
2 -509295822
1
1
1
2 733710639
1
2 -517161999
1
1
2 -66798424
2 -333867170
1
1
1
1
2 -426245570
1
2 -827360530
1
2 976284740
1
1
1
1
1
1
2 326364961
1
2 379180860
2 280012914
2 -602933925
2 -817370529
1
1
2 -863521180
2 -602301888
1
2 -331866904
2 643519366
1
2 985416966
1
1
2 302872940
2 -79623079
1
1
2 -154992481
1
1
1
2 147634826
1
1
2 -138233646
2 -89403801
2 6061630
1
2 886942010
2 171554032
1
1
1
1
2 280156925
2 660442268
1
1
2 158590227
2 -917561092
1
1
2 -599783622
2 -485675011
1
2 -264354863
1
1
2 189008604
2 -999390463
2 -362689787
2 -620654682
1
1
1
1
2 640598925
2 -76408526
2 -473020082
2 -836769189
1
2 170877429
1
1
2 879236544
1
2 -580953220
1
2 -957722487
1
1
1
2 -703779863
1
2 901496408
2 115869016
2 -68521863
1
2 -655004453
1
1
1
2 220156403
2 -831806257
1
1
2 -826364168
2 -546286467
2 -16569459
2 896783648
2 -761528401
2 964853576
1
1
1
2 933751345
1
2 681332763
1
1
1
2 -656946994
2 372358584
1
1
1
2 444167251
1
2 -472705993
2 510354534
2 161946806
1
1
1
2 -854093435
2 -776448441
1
2 287699610
2 298236013
2 278017354
2 946951370
2 331703534
2 185458139
1
2 12562592
2 482532148
1
1
1
2 532557676
2 381174461
2 775155178
2 -87210630
2 -725495111
1
2 887332497
2 695328873
1
1
2 99392911
1
1
2 -695362390
1
1
2 -261533442
1
1
2 -495070214
2 40483733
2 -290107328
2 -374441102
2 -721955956
2 -762739305
1
2 458789060
2 -493999503
2 -262420464
1
1
1
2 -825340004
2 357363467
2 763476551
2 -316201520
1
1
1
1
1
2 586583995
1
2 -531678004
2 -46620325
1
1
1
1
1
1
2 556854805
2 52943252
2 -294672805
2 701969754
2 -281807091
1
2 411164301
2 287532866
2 -265140016
2 700787062
1
2 -371978659
2 820499380
1
2 -116681686
2 -107839512
1
2 760889386
1
2 -315962811
1
1
1
1
1
1
2 -55351464
1
2 -939414124
2 268364015
2 -482197204
1
2 987320970
1
1
2 216373540
1
1
2 945727560
1
2 254008966
1
2 -657462970
2 -342123995
2 908800857
1
1
1
2 -189765765
1
2 -834197137
1
1
2 -858456189
2 -698139033
2 -881353282
1
2 -582835259
1
1
1
1
1
2 -403523740
2 782511241
1
1
1
2 -649255451
2 -718279575
2 152626993
2 895541354
1
2 -396102107
2 538872444
2 269675211
1
2 689978795
1
2 -163481478
1
2 835723755
1
1
1
1
1
2 -221228360
1
2 -690223474
1
1
2 123998813
1
2 -871239357
2 970522452
1
1
2 337470775
2 -569167252
1
1
2 -546642111
2 664232705
2 -234019654
1
1
1
1
1
1
1
1
2 -512946087
2 713984179
1
1
2 623293393
1
2 -638288917
2 -858361949
2 305912859
2 974692755
2 419612795
2 738063622
1
2 951779740
2 -706981517
2 42924640
1
2 -590264380
2 -792092920
1
2 -477551945
1
2 973301625
1
1
1
1
2 835988610
1
2 -872601228
2 471643798
1
2 -84632049
1
1
2 777664627
1
2 936105188
2 -686075628
2 -456374817
1
2 905597885
2 -21347612
2 -152034757
1
1
2 -34777030
1
2 621219873
2 -638773089
2 591853150
1
1
2 -272975334
1
1
2 456752366
1
2 -610403362
2 996394656
1
2 -311455226
2 884995688
2 611581070
1
2 8711408
1
2 276001605
1
1
2 -29230346
1
2 -846362756
1
1
1
2 3147047
2 -803249220
1
1
1
2 -459874918
1
1
1
2 841076885
1
1
1
2 920150854
1
1
2 -234791837
1
2 19042870
2 831439230
2 -513844090
1
2 930221920
1
2 439338435
1
2 -138670754
1
2 833909881
1
2 455995880
2 -498542252
2 -133821762
2 871402246
2 262257432
1
1
1
1
2 -70386253
2 608074120
2 -288836439
1
2 -192981730
2 643918696
1
2 104561609
1
1
1
1
1
1
2 -893482443
1
1
1
2 971761479
2 466293356
2 982673425
1
1
2 889304620
1
2 361235891
2 249442163
2 72130113
1
2 -212188977
1
1
1
2 463746143
2 -869720012
2 -504061089
2 584107969
1
2 -329394146
2 108570380
1
1
2 -728304759
2 -999891259
1
2 -967669509
1
1
1
2 -408149924
1
1
1
2 321501997
1
1
1
1
2 -488167005
1
2 -737561868
2 -302415429
2 94366792
2 -54566293
1
2 316594753
2 588429614
2 -610113024
2 66330632
1
1
2 243753421
2 424019039
1
2 312346112
1
2 -584983723
1
2 -457655814
1
1
2 410610087
1
2 239426924
2 -946295417
2 976899008
1
2 314444950
2 896659096
1
1
2 847084672
2 882654912
1
2 474985958
1
2 -475319306
2 450464302
1
2 -444693602
1
2 746080010
2 -794500224
2 715727594
1
1
1
1
1
2 885185676
2 895865930
1
2 893809540
2 -628224503
1
1
2 -579797749
1
1
2 -229825941
2 -402795400
2 66807510
1
2 388215250
2 -264560920
2 -274804563
1
1
2 202055594
2 -350828559
1
2 -939108954
1
2 486218629
1
2 707715090
2 -660789911
2 -28805566
2 -564179191
1
2 75652535
2 286513582
2 -608980410
2 -936309322
2 283063328
2 533632733
2 -93966591
2 -883609887
1
2 -87451532
1
2 -669181662
1
1
2 -821484317
2 38114002
2 -161547316
2 120724972
2 -782071031
1
2 486860503
2 679543393
1
2 -225313635
2 -263965006
1
1
1
1
2 282118604
1
1
2 671506623
1
1
1
2 -205643403
1
1
1
1
1
1
2 -584294953
1
1
1
1
2 -92052834
1
2 355923455
1
2 -722196374
2 -99846655
1
2 -455351301
1
1
1
1
1
1
2 -953377699
1
2 -781954089
1
2 -122922717
1
1
1
2 236289487
2 995787598
1
2 -948976691
2 623248820
2 -973015495
1
2 -164702005
2 884348347
2 -542501570
2 126787670
2 380481988
1
2 -219888079
2 984721627
2 678725688
2 -797350752
2 854612365
2 878180860
2 397309207
1
2 445910415
1
1
1
1
1
1
1
1
2 -659306944
1
2 1387508
1
1
1
1
2 374433802
2 -974386974
2 -810538015
1
2 -452178207
2 -807959643
2 -632140151
1
2 331716811
1
1
2 -58037767
2 211582767
2 131111843
1
1
1
1
2 118428558
2 -337459316
2 -834399640
1
2 -268311272
2 573939407
2 793751349
1
2 767276552
1
1
1
2 466304270
1
1
2 475781351
1
1
1
2 617174793
2 421657263
1
2 917062145
2 -894787412
2 106710129
2 987095913
1
2 -256414812
1
1
1
2 640722994
1
1
1
1
1
2 -574893073
1
2 -119145495
2 -601879315
2 461337989
2 57831096
1
2 515208378
2 -471001798
2 953149402
1
1
2 624736661
1
2 -147683481
2 -402211381
1
1
2 132103427
1
1
1
2 307285311
1
2 457609670
2 -270418420
2 19398478
1
2 -412721146
1
1
1
2 -726945445
2 594247170
2 -881537917
1
2 532753445
1
2 606878883
1
1
2 -205684227
2 -389396901
2 -594890662
2 -830564008
2 254436591
1
2 -51604127
2 -199162936
2 104386614
1
2 628599941
2 -842241543
1
1
1
2 -672341246
1
1
1
1
2 312718034
1
2 907569244
2 -19663097
2 89521048
1
1
2 868790802
2 270176570
2 -420727868
1
1
1
2 229593762
1
2 -224038794
2 -200270489
2 553779479
1
2 -746383839
1
2 -935896485
1
1
1
1
1
2 740940506
1
2 889432483
2 948994965
1
1
1
2 952519224
1
1
2 -320007539
1
2 -923236807
2 279823018
1
1
1
1
2 552422633
2 -498994842
2 -970601869
2 855348846
1
1
1
1
1
1
2 673520039
2 775621503
1
1
2 448957058
2 -488998906
2 565264288
1
1
2 -930247663
2 -98462993
2 -378388803
1
2 259277302
1
1
1
2 -251002865
1
2 -165180631
2 428698238
2 428493214
1
2 481161723
1
1
2 750178037
1
2 871942457
2 -275580196
2 -92695635
1
1
1
1
2 198075183
2 124943903
2 742007985
1
1
1
2 -205699515
2 919398822
2 307404390
2 163127262
1
2 -828314132
2 585914537
1
1
1
2 -256271128
2 776677209
2 -545111811
2 -832550062
2 -577329220
2 668893330
1
1
1
1
1
1
2 -220669898
1
1
1
2 858216257
2 -109002750
2 830847125
2 -178509924
1
2 729920578
1
2 549542540
2 906985891
1
1
2 -737487001
1
1
2 -686533114
2 -103510763
1
2 -40756632
1
1
2 -757675514
2 -723722329
2 114993346
2 510163383
2 -443679551
2 421336800
2 -554008874
1
2 911093635
2 -676963133
2 733707773
1
2 -541190061
1
2 -451583101
2 980974859
2 488781548
1
2 914294272
2 745777202
1
2 -306978395
2 147542190
1
1
2 -688045566
2 616820699
2 -690574605
1
2 -862423061
2 746590730
2 -2526371
2 -69034216
2 -241748725
2 -259550981
1
1
1
2 201249099
1
1
2 763269508
2 -328360630
1
2 212711282
2 -235897859
1
2 824908784
1
2 12021386
2 -403175867
1
2 319351325
1
2 873195350
1
1
1
1
1
2 193939294
2 -491883963
2 128653070
2 327477854
1
1
1
2 -489651458
1
1
1
2 -441015438
1
1
2 86225391
1
1
1
2 906149963
2 447700727
2 600094971
1
2 734572604
1
2 257913523
1
1
1
2 -173885805
1
1
2 -28406380
1
2 -191908200
2 -263649044
2 520348260
1
1
1
2 643887812
1
2 733303061
1
1
2 819412669
1
2 266868553
2 571671741
2 771474042
1
2 -961368561
1
2 267122328
2 721020244
2 114729158
1
1
2 833763063
2 -275000562
1
2 -838136962
1
1
2 -117465446
2 -703441682
1
2 377384419
1
2 -185341602
1
1
2 -563949705
2 276177661
1
1
1
1
1
1
1
2 -339261920
2 -692651091
1
1
1
2 -164285694
1
1
1
2 -446031613
2 -186933878
1
1
2 983363042
2 848374649
2 684348470
1
1
1
1
1
2 -237038757
1
1
1
1
1
1
2 -992537129
2 779173834
1
1
2 -559552353
1
2 785613504
1
2 62258696
1
2 850539890
2 394427150
2 716959550
1
2 -570574267
2 339739541
1
1
1
1
2 -969048090
2 -208937721
1
1
1
1
2 645990003
2 936478859
2 756216712
1
2 847931077
2 -456827200
2 -264373265
1
1
1
2 42427504
1
2 692462049
1
2 -405331547
1
1
1
2 746242725
2 -891310281
1
1
1
1
1
2 398240257
1
2 -455355126
2 735497766
2 -154857806
1
1
2 391245332
1
1
2 -964564388
1
2 864521196
1
2 467617742
2 438445081
1
1
2 -433585555
2 5514175
2 -86590057
1
1
1
2 649387202
2 -803418294
1
1
2 -206241888
1
2 -435055850
2 -487640540
1
2 -555127398
1
2 879930233
2 946273037
2 255490640
1
2 -167115016
2 431272313
2 254348154
1
2 621815466
1
1
1
1
2 -220009554
1
1
2 259449437
1
1
2 466693535
2 -90166880
2 855694214
2 -766122724
1
1
1
1
2 -588848879
2 345082309
2 288588643
1
1
2 639766240
2 -774907636
1
2 399778275
1
2 479529371
1
1
1
2 -282084091
2 -727650647
1
1
2 427549309
2 943015866
2 -777771277
2 686470885
2 -382570264
2 180017479
2 715712752
2 -688180285
1
2 864090992
1
2 558452338
2 -482856787
1
2 -308470280
1
2 151088051
2 -911150915
2 -284067906
2 911977690
2 -774509628
2 -81903895
1
2 6392547
2 461963308
1
2 -871560542
1
1
1
2 -327245100
2 -422706637
1
1
1
1
1
2 -857374821
1
2 13488378
2 -56862976
2 -559856614
2 -264107319
2 -875556093
1
1
2 -16937492
2 614533120
1
2 190983853
2 -467348531
2 399942608
2 -693786539
2 320948219
1
2 571511515
2 -980533498
1
1
1
2 195872181
2 747961557
1
2 -720349253
2 -767781931
1
1
2 847911299
2 418806504
2 9064472
2 890071554
2 313175821
2 -364870470
1
1
2 989041753
1
1
2 -315951903
1
1
2 -877343867
2 196143202
1
2 557133847
1
1
1
1
1
1
2 706240550
2 647618675
1
1
2 806699171
2 77764754
2 101268083
1
1
2 -219120509
1
2 815624831
2 782219370
1
2 221416318
1
2 345391153
1
2 288290807
2 -242569040
1
1
2 -127473967
2 16374112
1
1
1
2 -470385620
1
2 622148437
2 849147442
2 -82841087
2 -1109083
2 173212802
2 -518132551
1
2 -763162308
2 -34287128
2 118079176
2 983162569
1
1
1
1
1
1
2 655322488
2 294543232
2 513847856
2 -567925962
2 52787994
2 -88262007
2 -443123000
1
1
2 73497391
2 628166931
2 646712434
1
2 -943636154
2 820757300
1
1
2 -612552247
2 55969447
2 -474289699
2 -669560868
1
1
1
2 808565558
2 -577699067
1
1
2 237006854
2 713438496
2 -754609156
1
2 -439345989
2 -500446441
1
2 201525464
1
2 -414565335
2 -50572855
1
2 -599669371
2 -324545531
2 63387776
2 955263669
1
2 -425503200
1
1
2 994303111
2 63247996
1
2 869777170
1
1
1
2 578093432
2 -166021948
2 538271056
1
2 -98431874
2 -974272561
2 61083720
1
2 -207523772
2 540646115
1
1
1
1
1
1
2 877272338
1
1
2 377730835
1
2 -122189130
2 -201991116
1
2 -392072177
1
1
1
2 -946544567
2 128657836
2 487538030
2 694726808
2 -157654019
1
1
1
1
2 466120726
1
1
1
2 721766213
2 -784773113
2 -522696078
2 797170344
2 -860596013
1
2 980690258
2 224077564
1
1
2 842961738
1
2 921040526
1
1
2 534741567
1
2 -675956967
2 -801512167
1
1
1
1
2 -254054213
1
1
1
1
1
1
2 65643995
2 921133870
2 267200958
2 524466547
2 -111911916
1
2 418688987
2 44424716
2 -979626428
2 572209992
2 -121289420
1
2 340579577
1
2 514601869
2 -996332657
2 -818017933
2 675517752
1
2 -275140311
1
1
2 -968560414
1
1
2 -501054525
2 -579669768
1
2 139230882
2 -358207588
2 354566157
2 -691386982
1
1
1
1
2 -342234591
1
1
2 389771838
2 -963859977
2 823245642
2 -289161394
1
1
1
1
2 -878170997
1
2 419480976
1
1
1
1
2 -207556827
1
2 591603120
2 -780646744
2 -48718369
2 867843135
1
2 -631501123
2 -141236160
2 114005676
2 -1660684
1
2 110871654
2 84531608
2 87126711
2 710422449
2 92809301
2 687330011
1
1
1
1
1
2 148976442
1
2 -549300656
1
1
2 -460056855
1
2 591720147
1
1
1
1
2 172934963
2 562751709
1
2 925070373
1
1
2 508253461
1
1
1
1
2 228403919
1
2 6038112
2 -244516394
2 -945120529
2 150641111
1
1
2 -473306012
2 446892228
2 671032380
2 658112995
2 -192549817
1
1
2 843471218
1
1
1
2 -341022507
2 -653618916
2 -297826808
2 838307981
2 -109095249
1
2 159421755
1
1
1
1
2 811784815
1
2 578070810
2 -495653919
1
1
1
1
1
1
1
2 647324745
2 -466800659
2 -671832408
2 867478590
2 -166432180
1
1
2 -608932392
2 62773281
1
2 313921479
1
1
1
2 -962238326
1
1
2 546935048
2 117501685
2 -674699839
1
2 946880571
2 -117963017
2 405376317
1
2 -30062989
2 -341034848
2 -628786775
1
2 -256677946
1
1
1
2 -604449805
1
1
1
2 -91664700
1
1
2 -666507009
1
2 -80299153
1
2 334931641
1
1
2 272807079
1
2 106983597
1
1
2 821774496
1
1
2 490279764
1
2 -774069684
2 649293496
1
2 -279959117
1
1
1
2 464985145
1
1
1
1
1
1
1
1
1
2 -697526189
1
2 548629025
2 428605921
1
2 299013184
2 24287675
2 -669217853
1
1
1
2 -216559080
2 300607544
1
1
1
2 320046430
2 563217069
1
2 717402025
2 -992861172
1
2 811071069
1
2 -817474635
1
2 -638404052
2 664239383
2 -794485976
2 -867314610
2 -413459187
1
1
2 -905791039
1
1
1
1
2 613166916
2 -391443675
2 -974275108
1
2 -203649337
2 188766032
2 -603978030
1
2 65269476
1
2 -75252526
1
2 -218338758
2 -736932416
1
2 592926357
1
1
2 -386215872
2 694445977
2 -686830578
2 -12002453
1
2 578954582
1
1
1
2 -997958248
1
1
2 -103954496
2 714802941
1
2 957813727
2 807549349
1
2 272157162
1
1
2 966078379
1
2 -467136656
1
2 -126608511
1
2 856816524
1
1
2 205368797
2 398476559
1
1
2 -577690586
1
1
2 51518100
1
2 696641218
2 -744019551
1
2 312206227
2 -137847358
2 359377068
2 -100028304
1
1
1
1
1
1
2 -791863542
2 107805696
2 -145645540
2 844925345
1
2 -739687168
2 -53904019
2 38329952
2 -587860432
1
2 883381485
2 438997400
1
1
2 935576644
2 -622124363
1
1
1
2 757249788
1
2 -208653665
2 912368430
1
2 -527827307
2 664813112
2 -938498117
2 621130051
2 590954331
2 -32327602
2 -902623327
2 -907167212
2 -604968396
2 656122315
2 643074296
1
1
2 -230060598
2 -451306732
2 -623336255
2 -567310140
1
1
1
1
1
1
1
2 -804987684
2 -830478699
1
2 -764620435
2 239216048
2 -705872343
1
2 747719729
1
2 -469105038
1
2 441578
2 -889396808
1
1
1
1
2 -230827662
2 260908923
2 212154528
2 -485969112
1
1
2 -621417232
2 437420946
2 -68167908
1
2 -336345692
1
1
1
1
2 -807422159
2 327573239
2 -425346898
2 -808184254
1
1
2 9884640
1
2 374381761
2 -226256533
2 972532909
2 558739450
1
2 171840013
2 -794541763
2 180093136
1
2 489519042
2 -800919313
2 -61357830
2 713159771
1
1
2 537849545
2 591054209
1
2 396623556
2 -687214231
2 -159379769
2 464213755
2 218213151
2 596386606
2 -944702878
2 -886529106
2 -550470302
1
1
1
2 82132447
1
1
2 -104762994
2 618186269
2 795219754
1
2 -406683529
1
1
2 281135344
2 585396531
1
2 -560411979
2 250726411
1
2 -306576168
2 799012974
1
1
1
2 -973039680
1
2 -682955636
2 -836779986
1
2 -297303019
1
1
2 31912936
2 453000959
2 -976952024
1
2 -184438418
1
2 582392346
2 -849580385
1
2 -628039816
1
1
1
1
1
2 406204238
1
2 -929707503
2 -185624619
2 585678080
2 -476739111
1
1
2 429469020
1
2 -886685950
2 996294027
1
1
2 627759956
2 438610084
1
1
1
1
2 -402395842
2 -912875101
2 -168132324
2 -109967158
1
1
2 -810117339
1
1
2 882667243
2 -588575277
1
1
2 796038156
1
1
1
2 615064275
1
1
2 -590543901
1
1
2 -773008436
2 -630639899
1
1
1
2 812815125
1
1
2 -747931563
2 401227988
2 -510381665
1
2 376299820
2 -171805989
1
1
1
2 -216560266
1
2 369342260
2 -750808517
1
1
2 -240185433
1
2 -196233030
1
1
2 -880574393
2 986444962
2 103835887
1
2 -632833755
2 -1728295
1
2 -239139364
2 -866132136
2 84425844
2 592383598
1
1
2 574267264
2 -299027584
2 -420558947
2 758216779
2 -449863772
1
1
1
2 -873822102
1
1
2 -636872776
2 -57889060
2 -856813282
1
2 128856487
2 -695252648
2 406752090
2 -478577911
2 934176921
1
2 645309747
2 329523481
2 -906965509
1
2 -693055747
1
1
2 846095304
1
1
2 -281132942
2 -540249959
1
1
1
2 -348618423
1
1
2 -32751499
2 -682752929
2 -31900749
1
2 -45998870
1
2 -722930372
1
2 -477415923
1
2 166165572
2 788121358
1
2 -70335124
2 59274799
2 862895377
1
2 -742265559
1
2 -369118893
2 58820107
1
1
1
1
1
1
2 -868791215
1
1
2 107138946
1
2 335782785
2 -815887778
2 461281130
2 89345860
1
2 118763590
1
2 123757613
1
2 929719791
2 -593608460
2 -914273860
1
1
2 748948242
2 323358760
1
1
2 340800879
2 -43053871
2 -466689210
1
2 -294946659
2 -484037637
1
1
2 -299767589
1
2 758117949
1
1
2 990248243
1
2 -587850856
2 953312159
1
1
1
2 997379992
1
2 -432361910
1
2 426029413
1
1
1
1
2 -54757829
1
2 898022104
2 259625070
2 531115637
2 -377114658
1
2 643184394
1
1
1
1
2 -331298321
1
1
2 -27612340
2 -893112449
1
2 -494378911
2 -852334237
1
1
2 -97704182
1
1
1
2 905011024
2 -68401920
1
2 466227769
2 -115198455
1
1
2 -182177324
1
2 878797751
1
2 238891018
2 727061338
1
2 191272676
2 377991024
2 58144568
2 160653142
2 -743802638
2 578033287
2 -325041776
2 -792107070
1
1
1
1
1
1
1
1
1
2 96059589
1
1
1
1
2 -680915579
1
2 189454116
1
2 810047354
2 -647127465
2 893610273
1
1
2 -543704727
2 224407491
1
2 -225535507
1
2 174037584
1
1
2 -641386025
2 -214055512
2 -324596793
1
2 472015589
2 961333415
2 -408517916
1
2 -961883440
2 98283898
2 340974643
2 138089056
1
1
1
1
2 -193919796
2 183381057
2 -85543850
2 -888465559
2 106314514
2 689343530
1
2 515347041
2 -445331917
2 841563743
2 -195730550
2 -734039769
2 -45820644
1
1
2 -535853587
2 -692357644
2 131056709
2 719620216
1
1
2 88107688
1
2 -541172571
1
1
1
1
1
1
1
2 509431932
2 -689268689
1
2 68155590
2 718238043
1
2 621477214
2 78732839
2 26817984
1
1
1
2 -235051089
2 294437842
2 935483941
1
2 470131010
1
2 33637525
2 685560881
2 844952564
1
2 41447796
1
2 -624105049
2 121924750
2 -729501635
2 -880860866
1
2 936015974
2 416935354
1
1
2 982255141
2 305090982
1
1
1
1
1
2 -734452452
1
1
1
2 -608001036
2 396665735
2 399589379
1
2 -162843124
1
2 804737627
2 264028658
1
1
2 141653235
1
1
1
2 723607729
2 -468263658
2 405662181
1
1
1
1
2 -636721006
1
2 -876921068
2 -311713320
1
1
2 728534708
1
1
1
1
2 221035006
1
1
2 -623648498
2 -465874597
1
1
2 -239047033
2 224344666
2 764184978
2 13201040
2 -556719193
2 776748259
2 98577796
2 -335140824
2 908591067
1
1
1
2 463387874
1
2 162531588
1
1
2 270413022
1
2 134078071
2 336522851
2 -243562417
1
2 388820488
2 122908433
1
2 357031236
1
2 -684536929
1
1
2 9137592
2 331032979
1
1
2 -185092043
1
2 640163731
1
1
1
2 73140993
2 -496519444
2 -361833895
1
1
1
2 -771812433
1
2 -745036868
1
1
2 -864916882
2 690548937
2 -476869650
1
2 583326776
1
1
2 491758050
1
2 329427888
1
2 -714262317
1
2 -510700786
2 -859496402
2 -202336076
2 870002478
1
2 -891953935
1
2 -683667268
1
1
1
2 154271698
1
1
1
1
2 -797357180
1
2 275930187
1
1
1
2 629426641
2 -651407213
1
1
2 -34310702
1
1
2 -37592630
1
1
2 -727872442
2 227070282
2 372207203
2 -32582664
1
1
2 131121631
1
1
1
1
1
1
1
2 917202699
1
2 573675965
1
1
2 -206209316
2 943039931
1
2 -401757409
1
1
1
2 -44152265
1
2 614870841
2 -614340457
1
1
1
2 827786057
2 -857007245
2 708995462
1
1
1
2 442947218
1
2 -545797755
2 242215685
1
1
2 522313725
1
1
1
2 810641656
1
1
2 567716144
2 -791230634
2 -215319005
1
1
2 -966014423
1
1
1
1
2 -330285382
1
1
2 -844729531
2 -511678111
2 -133625067
1
2 -555725404
1
1
1
2 124326032
1
2 811849147
2 -950858577
1
2 -181232012
1
2 931866231
2 -143239557
1
2 714297703
1
2 100194287
2 719012936
1
2 71851183
2 98945045
2 -54199152
1
1
1
2 737951255
1
1
1
2 61008706
2 -596643652
1
2 -498344442
1
2 -214317220
2 -787980657
1
1
1
1
2 242061607
2 962584605
1
1
1
2 510873693
1
1
2 685219774
2 -179928935
2 445776743
2 720241908
2 -561999507
1
2 -500248678
1
2 -363221422
1
2 -266414861
2 -882378999
1
2 643245144
2 -940290863
1
1
1
2 -699209822
1
2 781364455
2 -403923363
2 -754164191
1
1
2 708493947
1
2 -119490620
2 107616072
2 438863896
1
2 -934485020
2 -320556533
2 -519759236
2 618963058
2 126296834
1
1
2 107032756
2 457478184
2 826946811
2 -543435225
1
2 521373129
2 583829457
1
2 -720708275
1
1
2 866488496
2 -187679895
2 -571641909
2 306204675
2 -27802847
1
1
1
1
2 793668944
2 134042034
2 736121975
2 -506650791
1
2 -369863758
1
1
2 301083762
1
1
2 -862986661
1
1
1
2 -754766726
2 -828083618
1
1
1
2 454126187
2 -691847078
1
1
1
2 6520532
2 -956217335
2 -634729714
1
2 455577743
2 687216562
1
2 754125439
1
1
1
1
2 723551585
1
2 493797562
2 -354805875
1
1
1
2 530664243
2 -838674859
1
2 519855627
2 -309144376
1
1
2 -469867947
1
1
1
2 -937606649
1
1
2 -520917130
1
2 -279264406
1
1
2 865308971
1
2 -322714953
2 965728945
1
1
2 38753434
1
2 -331973769
1
2 197329874
2 641341562
2 934803284
2 808402201
2 283530334
1
1
2 494213913
1
1
1
1
2 353574626
1
2 365263795
2 -334883592
2 -715983749
1
2 714903270
1
2 378547755
1
1
1
1
2 -648501896
2 -788363179
1
2 -141722095
1
1
2 -703307253
2 284712110
2 627023112
2 264490372
1
2 854430647
1
2 203908038
2 13401258
2 -777717947
1
1
1
2 -748629243
1
1
1
1
2 -149058766
1
2 676009548
1
1
2 891074514
1
2 637446539
1
1
2 -899932378
1
2 -290983990
1
1
2 -15881170
1
2 -214260939
2 -482544437
2 71454021
2 -557623577
1
1
2 821248160
2 -404646754
1
2 552721435
2 -928948036
2 -247214352
2 -406219509
1
1
2 619671385
1
1
2 889705879
2 500729991
1
1
1
2 144492693
1
2 -994273538
1
1
2 282364923
1
2 -161476660
2 627405160
2 -621853408
2 718422331
2 251941504
2 81174299
1
1
2 -393710959
2 964720315
1
2 656261039
2 911695911
2 -815406057
1
2 -201856337
1
2 691114773
1
1
1
2 382676337
1
2 -857106366
1
1
2 -474299621
2 -471697983
1
2 888563611
2 262363103
2 732305109
2 798268715
1
1
2 -610412268
1
2 737523032
1
2 -824696845
2 -520413515
2 -224172322
2 -13639423
2 -895660797
1
1
1
1
1
2 948007195
1
2 -678772787
1
1
2 -129804441
1
1
2 771583448
1
1
1
1
1
1
2 -971340574
1
2 573533155
1
1
2 -30057986
2 -990939134
2 -761214101
1
1
2 357859330
1
1
1
1
1
2 792772779
2 640789680
1
2 640069518
2 -163015092
2 -846986974
1
2 -860299280
2 524478810
1
2 -182909741
2 -637977240
1
2 952313263
1
1
2 -667954941
1
1
2 -871045491
2 -256825127
1
1
2 350552024
2 698443800
1
1
1
1
1
2 -317006437
1
2 -304376556
1
1
1
2 -73746631
1
1
2 -15336044
1
1
2 71925501
2 -811143462
1
1
1
2 -734020001
1
1
2 -868097389
2 576834514
2 -398647362
1
1
2 -56542304
1
1
2 -811624972
2 -919494777
2 -330973690
2 -403626668
1
2 461285959
1
2 -149698384
2 302674722
1
2 859174955
2 389037009
2 123070738
1
1
1
2 406711703
1
2 11621752
2 -1306176
2 -348200331
2 -578089204
2 -516251845
1
2 854697233
1
1
2 -984807340
1
2 957398780
2 -100460379
2 342579839
1
1
1
1
2 551872251
2 879718964
1
1
2 682440428
2 -8408801
2 224991747
2 -516715211
2 381547472
2 -723552206
1
1
2 -548587046
2 311310088
1
1
2 -306115792
1
2 551879149
1
2 661289759
2 -790504498
1
2 -733114009
1
2 97130849
2 570947224
1
2 -23292345
2 -230081280
2 -80215596
1
2 767731560
1
1
1
1
1
1
1
1
1
1
1
1
1
1
2 -238301624
2 218621046
1
1
1
1
1
2 642128534
1
2 278928913
2 -472686643
2 266946006
2 -363932573
2 488980423
1
1
2 875289893
2 -624762142
1
1
2 274633788
2 -525469284
1
1
2 59220754
2 640092464
2 -43961789
1
1
2 324212137
1
2 -755244439
2 -761664754
1
1
2 191129032
2 992809751
2 904543812
2 -399305563
1
1
2 679419174
1
1
2 5949295
1
1
1
1
1
2 -977826136
2 -420187759
2 -913039724
2 422050858
1
2 -944582082
1
1
2 966340609
2 411393166
1
1
1
2 -806735804
2 -964554771
2 -681358465
2 -481091823
2 -578543968
1
2 -184520733
1
2 28628155
1
1
2 -18597909
1
1
2 -12209004
1
1
2 -194555029
1
1
2 516348288
1
1
1
2 -485360727
2 228797111
1
2 84502408
2 -882484407
2 683244002
1
1
1
2 -965915985
2 -477408169
1
2 809268023
2 514970831
2 404333844
1
2 573117610
2 -808529437
2 777293519
2 -288229166
2 -468346613
2 -544642297
2 124029319
1
2 133537192
2 993645646
1
2 -89771044
1
2 584299551
2 487492493
2 -337626244
2 545993765
2 -614942010
2 -430410148
1
2 829972984
2 861011091
2 -480824504
2 991750121
1
2 673459644
1
2 815207194
1
1
1
1
1
2 687698610
2 408353537
1
1
2 23706927
2 15100308
1
1
1
1
2 967106177
2 -811819350
1
1
2 -780158720
1
1
2 980362072
1
2 753025827
1
1
2 -847294444
2 -9836404
2 -386794284
1
1
2 571753589
2 604814271
2 -781571871
2 643622425
2 -994825774
1
1
2 -594201700
2 -765454313
1
1
1
2 -530568022
2 -634892205
2 -904715468
2 873191791
1
2 857705885
2 963168074
1
2 639330381
1
2 -496051527
1
2 502054911
2 165748501
2 -687192064
1
2 -819110022
2 -543454791
2 254683458
1
1
2 -563855422
2 -606110179
2 -718130610
2 -548600732
1
2 -514821491
2 243058383
1
2 -69394788
1
2 997563281
2 -741479120
1
1
2 495444790
2 734634057
2 289448894
2 -19335968
2 -402091118
1
1
1
2 -902044143
1
2 -209142293
2 -529514431
2 -580318919
1
2 997610490
2 206583638
1
1
1
1
1
1
2 753167727
2 -513136296
2 -94451872
2 -581936472
1
1
1
1
1
1
2 120634973
1
1
1
2 -669818828
2 332625776
2 -188798737
1
1
1
1
2 823502498
1
1
1
1
2 885114612
1
1
1
2 318318605
2 -38284154
2 293786973
1
1
1
1
1
2 811091688
2 -278083166
2 -11231120
2 -300422897
2 -623413948
2 -493102156
1
2 -296135470
1
2 560668694
2 236966597
1
2 382133206
1
2 960053506
1
2 -710024325
1
1
2 -373464854
1
2 -709791666
2 523094334
1
1
2 -642870232
2 121675215
1
1
1
1
2 237265223
2 935488153
1
1
2 -169877445
2 579432185
1
2 -512632301
1
1
1
1
2 -398461339
2 -198390670
2 937191388
2 653461565
2 403938921
2 209172652
2 314722904
1
1
1
1
1
1
1
1
1
1
2 749513711
2 216232586
2 -955838921
2 -682531840
1
2 -728127089
2 -397996491
2 483147974
2 344437431
1
1
1
2 -564792844
1
2 -492413511
1
2 -538004102
1
1
2 675921842
2 -287698822
2 -617915833
2 313586814
2 706319525
1
2 -857840052
1
2 904087002
2 -404588338
2 -329059895
1
2 -798809620
1
2 657020714
2 461650467
1
2 -588492829
1
1
2 885260657
1
1
1
1
2 775794514
2 132449400
2 436721686
2 466464245
2 -23216756
2 -84380610
1
2 666390282
2 408952903
1
1
2 -189108128
2 8578485
2 -156931954
1
1
2 712851539
1
2 -434497793
1
1
2 -591345387
1
1
1
1
2 -450211072
2 -259293006
1
2 735810389
2 -22231933
2 514349778
2 25270338
1
1
1
2 -394456373
1
1
2 -392179453
1
2 -955551126
1
2 -818682332
1
1
1
1
1
2 272527221
2 494590024
2 -242040619
1
1
1
1
1
2 -276209668
2 -699372472
1
2 269141561
2 -439180847
1
1
2 -405372148
2 95094942
2 -587726773
2 -92312065
2 316523990
2 657800554
2 291317380
2 -773204402
1
1
1
1
1
1
1
2 226538848
2 -666866579
2 -181834636
2 291638619
1
2 300628557
1
1
1
1
1
2 861413247
1
1
1
1
2 141153635
2 234087593
1
2 484183959
2 -645685336
1
2 -703387688
1
1
2 508719412
2 165733821
1
2 -169493174
2 614970635
1
2 -848657009
2 142947096
2 -62868340
2 -501794024
1
2 672339660
2 -69798509
2 -442446537
1
2 29832850
1
1
2 373995024
1
2 717053570
2 -604892991
2 677595003
1
2 871775420
2 23181940
1
2 604956188
2 908606040
2 76794870
1
1
1
2 630525797
2 -755344319
1
2 -80671948
1
2 -28272244
2 991809723
1
1
2 325601304
2 -280664010
1
2 -83873749
2 935579853
1
1
1
2 406149494
2 -628398396
1
1
1
1
1
2 -871535425
1
2 752452795
2 247928476
2 -320255787
2 662529306
1
2 -710033145
2 653890849
1
2 -783794013
1
1
2 741593511
1
2 -444020824
2 -75251617
1
2 -162307635
1
2 61334884
2 -580278801
2 -734261115
1
1
1
1
2 784000103
1
2 941607197
2 -709236459
2 831827820
2 -818236372
2 754985359
1
2 759070848
1
2 573115359
2 851109321
2 364874348
2 804671827
1
1
1
2 -850108859
1
1
1
1
1
2 911336991
2 -104531253
1
2 -5509289
2 -155649295
1
1
2 288184468
1
1
2 792346181
1
2 -107698418
1
1
2 324071120
1
1
1
2 936360116
2 655702208
2 -493964505
1
1
2 -112293606
1
1
1
1
1
1
2 -355549561
2 464448007
1
1
2 -87400917
1
2 -170710008
2 -549815622
2 893769635
2 974978801
1
1
1
2 -657821213
1
1
2 57001472
2 -320198835
1
2 -887196291
2 363276281
2 -167099763
1
2 570207635
2 -64502570
2 -512737276
1
2 -168975294
2 -130686859
2 542550756
1
1
1
2 -562324582
2 863479963
2 -98201843
1
1
2 202586312
2 376039377
2 702391732
1
1
1
2 -619720181
2 -85779870
2 -859267471
2 -219651095
1
1
1
2 -672405333
1
1
1
1
1
1
2 918695237
1
2 712785107
1
1
2 -680316161
1
2 -169018590
1
2 -70887374
1
2 96661638
2 23731672
1
1
1
2 -661351705
2 -645439382
2 -793035804
1
1
2 270117155
1
1
2 496436543
1
2 -461524693
2 -279265866
1
1
1
1
1
2 -589286479
2 -335120648
2 -577481935
1
1
2 -720964681
1
1
1
2 -72583841
1
1
1
1
2 -219562629
2 756302073
1
2 -28747941
1
1
2 34038070
1
2 -76216406
2 806714638
2 -315352687
2 302875028
1
1
1
1
2 -905259584
2 783330760
1
1
2 -408073603
1
1
1
2 906155250
2 -616169213
1
1
1
1
2 -424666077
2 578633414
1
1
2 -656393782
1
2 -133561066
2 981863790
1
2 235633359
1
1
1
2 -820178189
1
2 238669671
2 657712737
2 -588284293
2 -494902989
2 -338571889
2 136354868
2 968511670
1
1
2 32481923
2 405740329
1
2 -461860932
2 -510064607
1
1
1
1
1
1
2 876085257
2 282169902
1
2 -47332120
2 -530785030
2 13254143
2 -523591027
2 556860434
2 -900445188
2 -726797807
1
2 -701959093
2 685679087
2 -263512900
1
1
2 390718297
1
2 -706153489
2 -716297417
2 -92404649
1
1
2 855479478
2 688349412
2 424570735
1
1
1
1
2 -747916923
2 332022603
2 -822399565
2 395073873
1
1
1
1
2 510984999
2 438107932
2 -701041728
2 -684278478
2 113379605
1
2 46994518
1
2 -676311725
2 -581749080
1
1
2 374842928
2 999785975
1
1
1
1
2 877603152
2 437928235
1
1
1
2 -240981622
2 -405713074
2 -190302618
2 149825163
2 -949701220
2 412150034
2 -199515961
2 133498012
2 594843071
1
2 613954741
2 772764932
1
1
2 96014548
1
2 -273809394
1
1
1
1
1
1
1
2 -793299797
2 939245021
2 -845612196
2 -489315458
2 627012053
2 -645321422
1
2 -448525085
1
2 -131472047
2 981141760
1
1
2 -257350651
2 528656428
1
1
2 637569689
1
2 -213250751
1
1
2 -211219222
2 -909374257
1
1
1
1
2 -73852533
2 999994737
1
1
1
2 -584759047
2 -858191777
1
1
1
1
1
2 376673359
2 -90379918
2 -247674840
2 -87788644
2 126129897
1
2 682418115
1
1
1
1
2 -261114566